2	40
-1.731920	-2.528220	4.842720
-0.064160	0.026510	-0.384561
-0.876010	-2.049400	2.122696
-0.066320	-1.899880	0.128504
1.985860	-2.024610	-2.407035
0.805700	-0.396220	3.992596
2.666010	2.129020	-1.455106
0.704920	1.607560	-0.142899
-1.397200	-0.905590	-3.647668
0.296890	1.466190	0.183279
1.447290	0.081170	5.934692
0.057710	0.906750	0.213285
0.989270	0.778560	3.569417
2.723530	-2.230350	-1.492659
1.646830	2.286240	-3.924343
1.328710	-0.511710	5.078901
0.300190	-2.366320	-1.267195
1.867150	1.181490	2.178009
-2.992770	-0.977550	-0.497360
-0.065490	-1.564450	-0.002492
2.974880	-0.117720	0.988758
-1.076500	-1.585000	0.075019
-0.122360	-2.750860	0.677134
2.758560	0.464910	2.004405
2.483650	0.819360	2.504746
1.525510	2.992280	-5.927158
2.754070	-2.238790	-1.404440
-0.056050	2.612370	0.290142
0.737930	-0.055720	4.030282
0.310110	-2.604710	-1.573375
-0.775960	-1.442370	-0.538218
2.545380	-0.631600	2.719126
1.448180	-2.293120	-3.936997
0.679170	2.669960	-3.357427
-0.122570	-2.878170	0.708275
-0.045010	1.067250	-0.130269
1.555900	2.681390	-5.375179
-0.302140	0.380820	-1.657479
-2.115360	-1.604930	0.175144
0.288040	-0.213890	1.665601
