2	40
-1.731920	-2.528220	36.740594
-0.064160	0.026510	-0.044330
-0.876010	-2.049400	7.930150
-0.066320	-1.899880	5.034996
1.985860	-2.024610	34.191128
0.805700	-0.396220	1.125638
2.666010	2.129020	100.308660
0.704920	1.607560	-1.278791
-1.397200	-0.905590	15.022787
0.296890	1.466190	-1.432263
1.447290	0.081170	6.893152
0.057710	0.906750	-1.130599
0.989270	0.778560	0.115340
2.723530	-2.230350	117.568652
1.646830	2.286240	11.308695
1.328710	-0.511710	5.743506
0.300190	-2.366320	6.807614
1.867150	1.181490	20.612104
-2.992770	-0.977550	237.541421
-0.065490	-1.564450	3.883728
2.974880	-0.117720	161.783715
-1.076500	-1.585000	8.929715
-0.122360	-2.750860	8.463019
2.758560	0.464910	116.795590
2.483650	0.819360	74.152709
1.525510	2.992280	8.314241
2.754070	-2.238790	122.982708
-0.056050	2.612370	-1.028537
0.737930	-0.055720	0.315205
0.310110	-2.604710	7.804615
-0.775960	-1.442370	5.005979
2.545380	-0.631600	84.776627
1.448180	-2.293120	13.575081
0.679170	2.669960	-0.849926
-0.122570	-2.878170	9.037778
-0.045010	1.067250	-1.244685
1.555900	2.681390	8.791015
-0.302140	0.380820	-0.518192
-2.115360	-1.604930	66.380117
0.288040	-0.213890	0.372629
