1	40
0.773730	-4.018690
0.449190	-5.036744
-0.014630	-7.088863
-0.056760	-7.357432
2.643700	159.560715
2.035260	36.591166
-1.310200	-49.002987
-0.581270	-13.437773
-0.008300	-7.050147
1.972810	30.413288
0.209250	-5.931728
-0.636730	-14.582517
-0.734950	-17.002549
1.217290	-1.131640
-1.741430	-113.355394
-2.461050	-402.291867
-2.994550	-900.056933
-0.666330	-15.255455
-0.096360	-7.628440
0.137500	-6.260107
-1.731920	-111.326144
-2.528220	-447.925928
-0.064160	-7.406652
0.026510	-6.844381
-0.876010	-21.580436
-2.049400	-199.952091
-0.066320	-7.421139
-1.899880	-152.470569
1.985860	31.635505
-2.024610	-191.280993
0.805700	-3.904628
-0.396220	-10.504550
2.666010	167.063087
2.129020	47.558743
0.704920	-4.246553
1.607560	7.778102
-1.397200	-58.136537
-0.905590	-22.740452
0.296890	-5.573397
1.466190	3.343636
