HAS_UNITS
UNITS kg m s
2 20 1
kg
m
kg * m^2 / s^2
HAS_SOLUTION 
69.68	51.31	35073.50464800001
28.69	66.66	18761.383674
22.76	10.59	2364.488604
55.18	13.09	7085.823822000001
71.97	32.2	22734.027540000003
42.37	66.16	27499.384152
98.08	84.65	81447.25032
68.51	55.33	37186.357923
48.15	85.45	40362.435675
39.27	38.48	14823.985176
34.38	31.68	10684.643904
72.93	35.43	25348.156119000003
43.91	17.11	7370.253981
6.06	82.91	4928.883425999999
39.86	33.87	13244.070942
73.83	55.24	40008.801852
18.33	57.86	10404.228978
17.63	52.15	9019.358145
53.2	0.27	140.91084000000004
53.23	98.83	51607.672028999994
9.81 9.81 m / s^2