HAS_UNITS
UNITS kg m s
4 10 2
kg
m/s
m/s
m/s
kg * m^2/s^2
HAS_SOLUTION 
69.65  513.13  542.64  16.39  19433366.841245003
28.61  666.62  66.77  721.18  13860701.715958498
22.69  105.91  653.36  7.74  4970881.241528501
55.13  130.89  996.09  84.82  28020426.520819
71.95  321.98  769.4  225.5  26855255.85114
42.31  661.56  573.77  875.12  32424451.7213395
98.08  846.51  102.64  363.58  42140295.92154399
68.48  553.26  699.83  539.96  37233105.285344005
48.09  854.45  661.17  568.1  35826284.921763
39.21  384.84  49.1  225.46  3947365.7293559997
2 2 *
1 1 *