HAS_UNITS
UNITS kg m s
4 20 4
kg
kg
m
m
kg * m^2 * s^-2
HAS_SOLUTION 
6.96  5.13  5.43e+09  1.64e+08  1.4110575829884614e+29
2.86  6.67  6.68e+08  7.21e+09  -1.7299665233905525e+28
2.27  1.06  6.53e+09  7.74e+07  2.0477530321987952e+28
5.51  1.31  9.96e+09  8.48e+08  5.194521406841915e+27
7.19  3.22  7.69e+09  2.25e+09  4.8467633660797186e+27
4.23  6.62  5.74e+09  8.75e+09  -1.1211632491068838e+27
9.81  8.47  1.03e+09  3.64e+09  -3.874634249925036e+28
6.85  5.53  7.00e+09  5.40e+09  1.0698367242311856e+27
4.81  8.54  6.61e+09  5.68e+09  6.79521790302904e+26
3.92  3.85  4.91e+08  2.25e+09  -1.6045841340710571e+28
3.43  3.17  7.92e+09  5.72e+09  3.5237178100341286e+26
7.29  3.54  5.19e+09  6.61e+09  -7.151189087874128e+26
4.39  1.71  4.26e+09  2.98e+09  5.031635313256455e+26
5.97e+2  8.29  7.88e+09  4.19e+09  3.698639502358616e+26
3.98  3.39  4.12e+09  4.53e+09  -2.003194415418326e+26
7.38  5.52  4.81e+09  9.32e+09  -2.7378561528944385e+27
1.82  5.79  1.82e+09  5.87e+09  -2.68018367085505e+27
1.75  5.22  3.21e+09  9.48e+09  -1.256570548537113e+27
5.32  2.69e+21  8.46e+09  5.56e+09  5.87197899152068e+24
5.02  5.48  6.26e+09  2.42e+09  4.6448905342904394e+27
0.667408 0.667408 m^3 * kg^-1 * s^-2
10000000000 10000000000 *
1000 1000*
1 1*