HAS_UNITS
UNITS kg m s
4 40 2
kg
m/s
m/s
m/s
kg * m^2/s^2
HAS_SOLUTION 
69.65  513.13  542.64  16.39  19433366.841245003
28.61  666.62  66.77  721.18  13860701.715958498
22.69  105.91  653.36  7.74  4970881.241528501
55.13  130.89  996.09  84.82  28020426.520819
71.95  321.98  769.4  225.5  26855255.85114
42.31  661.56  573.77  875.12  32424451.7213395
98.08  846.51  102.64  363.58  42140295.92154399
68.48  553.26  699.83  539.96  37233105.285344005
48.09  854.45  661.17  568.1  35826284.921763
39.21  384.84  49.1  225.46  3947365.7293559997
34.32  316.79  792.3  572.15  18111536.012856
72.91  354.26  518.72  660.95  30309616.1832675
43.86  171.08  425.87  298.25  6569936.019594
5.97  829.11  788.19  418.63  4429495.0661235005
39.81  338.67  411.57  453.09  9741064.748719499
73.8  552.37  481.03  932.35  51873245.11107
18.25  578.55  181.63  587.49  6504793.2929374995
17.55  521.53  321.32  948.25  11183019.229395
53.16  2.69  845.53  556.03  27220513.620581996
53.18  988.35  186.9  500.56  33565292.109799
63.44  905.34  417.29  3.53  31522825.961432
84.94  207.64  989.03  480.89  53195794.36342199
72.45  292.49  236.6  927.45  36286345.682685
61.1  520.01  916.83  198.37  35142835.24524501
72.24  901.91  918.4  52.09  59945242.372343995
32.3  983.63  91.3  406.78  18432538.210095
36.18  257.54  463.65  372.4  7597437.007868999
22.83  564.36  502.22  857.15  14901520.668607498
29.37  806.97  313.67  26.61  11018119.4028015
63.1  394.37  47.34  920.15  31690233.28225
9.21  731.07  241.69  680.9  4865192.681655001
43.37  161.07  95.53  904.23  18490830.2645095
43.09  600.7  238.25  607.53  16949370.779503003
49.37  865.86  807.79  811.95  50888152.831747
42.58  983.52  894.98  335.54  40044103.016296
31.23  79.37  43.22  349.57  2035676.804373
42.64  428.35  301.95  389.87  9096308.945308002
89.34  204.54  980.58  754.8  70270233.51996
94.42  450.64  539.5  369.29  29766460.364277
50.18  547.76  626.31  242.22  18841981.871088997
2 2 *
1 1 *