HAS_UNITS
UNITS n m
2 20 2
n/m
m
n
HAS_SOLUTION 
6967.73	0.51	906.1532864999999
2868.53	0.67	643.8415585000001
2276.25	0.11	13.771312499999999
5517.63	0.13	46.623973500000005
7197.5	0.32	368.512
4236.83	0.66	922.7815740000001
9807.83	0.85	3543.0785874999997
6851.45	0.55	1036.2818125000001
4814.51	0.85	1739.2417375
3927.25	0.38	283.54745
3438.35	0.32	176.04352
7293.21	0.35	446.70911249999995
4391.34	0.17	63.45486300000002
606.18	0.83	208.79870099999997
3986.46	0.34	230.41738800000005
7382.57	0.55	1116.6137125
1833.09	0.58	308.32573799999994
1762.76	0.52	238.32515200000003
5320.2	0.0	0.0
5322.96	0.99	2608.516548
1 1 *
2 2 *