HAS_UNITS
UNITS kg m s
4 10 4
kg
kg
m
m
kg * m^2 * s^-2
HAS_SOLUTION 
6.96  5.13  5.43e+09  1.64e+08  1.4110575829884614e+29
2.86  6.67  6.68e+08  7.21e+09  -1.7299665233905525e+28
2.27  1.06  6.53e+09  7.74e+07  2.0477530321987952e+28
5.51  1.31  9.96e+09  8.48e+08  5.194521406841915e+27
7.19  3.22  7.69e+09  2.25e+09  4.8467633660797186e+27
4.23  6.62  5.74e+09  8.75e+09  -1.1211632491068838e+27
9.81  8.47  1.03e+09  3.64e+09  -3.874634249925036e+28
6.85  5.53  7.00e+09  5.40e+09  1.0698367242311856e+27
4.81  8.54  6.61e+09  5.68e+09  6.79521790302904e+26
3.92  3.85  4.91e+08  2.25e+09  -1.6045841340710571e+28
0.667408 0.667408 m^3 * kg^-1 * s^-2
10000000000 10000000000 *
1000 1000*
1 1*