HAS_UNITS
UNITS kg m s
2 40 1
kg
m
kg * m^2 / s^2
HAS_SOLUTION 
69.68	51.31	35073.50464800001
28.69	66.66	18761.383674
22.76	10.59	2364.488604
55.18	13.09	7085.823822000001
71.97	32.2	22734.027540000003
42.37	66.16	27499.384152
98.08	84.65	81447.25032
68.51	55.33	37186.357923
48.15	85.45	40362.435675
39.27	38.48	14823.985176
34.38	31.68	10684.643904
72.93	35.43	25348.156119000003
43.91	17.11	7370.253981
6.06	82.91	4928.883425999999
39.86	33.87	13244.070942
73.83	55.24	40008.801852
18.33	57.86	10404.228978
17.63	52.15	9019.358145
53.2	0.27	140.91084000000004
53.23	98.83	51607.672028999994
63.48	90.53	56376.543564
84.96	20.76	17302.579776
72.47	29.25	20794.722975
61.14	52.0	31188.736800000002
72.27	90.19	63941.887053
32.36	98.36	31224.539375999997
36.24	25.75	9154.4958
22.9	56.44	12679.189559999999
29.44	80.7	23306.676480000006
63.13	39.44	24425.401032
9.3	73.11	6670.044630000001
43.43	16.11	6863.638113
43.14	60.07	25421.828238000002
49.42	86.59	41979.715218000005
42.64	98.35	41139.647639999996
31.29	7.94	2437.221906
42.69	42.83	17936.728587
89.35	20.45	17924.905575
94.42	45.06	41737.284612
50.23	54.78	26993.190114
9.81 9.81 m / s^2