HAS_UNITS
UNITS kg m s
4 40 4
kg
kg
m
m
kg * m^2 * s^-2
HAS_SOLUTION 
6.96  5.13  5.43e+09  1.64e+08  1.4110575829884614e+29
2.86  6.67  6.68e+08  7.21e+09  -1.7299665233905525e+28
2.27  1.06  6.53e+09  7.74e+07  2.0477530321987952e+28
5.51  1.31  9.96e+09  8.48e+08  5.194521406841915e+27
7.19  3.22  7.69e+09  2.25e+09  4.8467633660797186e+27
4.23  6.62  5.74e+09  8.75e+09  -1.1211632491068838e+27
9.81  8.47  1.03e+09  3.64e+09  -3.874634249925036e+28
6.85  5.53  7.00e+09  5.40e+09  1.0698367242311856e+27
4.81  8.54  6.61e+09  5.68e+09  6.79521790302904e+26
3.92  3.85  4.91e+08  2.25e+09  -1.6045841340710571e+28
3.43  3.17  7.92e+09  5.72e+09  3.5237178100341286e+26
7.29  3.54  5.19e+09  6.61e+09  -7.151189087874128e+26
4.39  1.71  4.26e+09  2.98e+09  5.031635313256455e+26
5.97e+2  8.29  7.88e+09  4.19e+09  3.698639502358616e+26
3.98  3.39  4.12e+09  4.53e+09  -2.003194415418326e+26
7.38  5.52  4.81e+09  9.32e+09  -2.7378561528944385e+27
1.82  5.79  1.82e+09  5.87e+09  -2.68018367085505e+27
1.75  5.22  3.21e+09  9.48e+09  -1.256570548537113e+27
5.32  2.69e+21  8.46e+09  5.56e+09  5.87197899152068e+24
5.32  9.88  1.87e+09  5.01e+09  -1.1761049265056295e+28
6.34  9.05  4.17e+09  3.53e+07  1.0759986388218886e+30
8.49  2.08  9.89e+09  4.81e+09  1.257617909070112e+27
7.24  2.92  2.37e+09  9.27e+09  -4.4523321574430237e+27
6.11  5.20  9.17e+09  1.98e+09  8.377334523339034e+27
7.22  9.02  9.18e+09  5.21e+08  7.874627913970043e+28
3.23  9.84  9.13e+08  4.07e+09  -1.8010619513895424e+28
3.62  2.58  4.64e+09  3.72e+09  3.2866492528897e+26
2.28  5.64  5.02e+09  8.57e+09  -7.088906989875083e+26
2.94  8.07  3.14e+09  2.66e+08  5.440022129457436e+28
6.31  3.94  4.73e+08  9.20e+09  -3.3276636458567976e+28
9.21e+2  7.31  2.42e+09  6.81e+09  -1.1994250141823714e+27
4.34  1.61  9.55e+08  9.04e+09  -4.36474312155161e+27
4.31  6.01  2.38e+09  6.08e+09  -4.406934083498491e+27
4.94  8.66  8.08e+09  8.12e+09  -1.8104295439624316e+25
4.26  9.84  8.95e+09  3.36e+09  5.207075689057704e+27
3.12  7.94e+2  4.32e+08  3.50e+09  -3.353525902106893e+27
4.26  4.28  3.02e+09  3.90e+09  -9.103717768564717e+26
8.93  2.05  9.81e+09  7.55e+09  3.720422322172103e+26
9.44  4.51  5.40e+09  3.69e+09  2.4259851011759093e+27
5.02  5.48  6.26e+09  2.42e+09  4.6448905342904394e+27
0.667408 0.667408 m^3 * kg^-1 * s^-2
10000000000 10000000000 *
1000 1000*
1 1*