HAS_UNITS
UNITS m n kg
6 20 4
m
m
m
m
m
m
n
HAS_SOLUTION v0 v1 - a v2 v3 - a v4 v5 - a + + c0 c1 c2 * * c3 c3 c3 * * * /
184244	-7216	-171319	-151764	7525	-6337	7.85773E+26
-62799	131042	37575	-34193	11236	5524	6.84217E+26
147564	-109108	168312	155907	-11947	-5492	4.42755E+26
6515	-23784	-27540	71371	-12284	-10320	2.73281E+27
-147772	-82249	-125302	-118884	8635	11577	6.73607E+27
-136587	43337	-129281	29397	11617	-2781	5.06513E+26
38249	-109036	-176431	-38747	8817	-1975	7.1764E+26
-113637	-155221	-58773	112064	-411	-10643	9.43141E+26
-4365	76801	-137398	55101	11735	10500	6.70301E+26
46865	-45008	146233	44354	-1230	-2318	1.55439E+27
-15572	-174212	130516	149516	10048	12391	1.14578E+27
-58262	41370	-167508	114198	-4234	-10972	3.27498E+26
165106	15632	-14892	-116288	-4558	-11997	8.95239E+26
12850	-177907	-183836	-183045	-4434	11171	7.98624E+26
-60441	-147067	-35356	-32138	-8317	-4646	3.88628E+27
-22352	183481	-97754	-179464	8561	6634	5.96473E+26
76519	129224	-55296	-164802	4857	-12583	1.94085E+27
150029	115371	-55781	-176700	10239	-7552	1.81271E+27
68073	-177672	116171	17276	-9245	-10500	4.16909E+26
107485	65827	-158691	-119906	-7488	-5695	9.02145E+27
0.667408 0.667408 n * m^2 / kg^2
5.972E+4 5.972E+4 kg
7.34E+2 7.34E+2 kg
10000000000 10000000000 *