HAS_UNITS
UNITS c m n
3 40 1
c
c
m
n
HAS_SOLUTION 
6.96  5.13  5.43e-1  1.09e-2
2.86  6.67  6.77e-2  3.74e-1
2.27  1.06  6.54e-1  5.05e-4
5.51  1.31  9.96e-1  6.54e-4
7.19  3.22  7.7e-1  3.52e-3
4.23  6.62  5.74e-1  7.63e-3
9.81  8.47  1.04e-1  6.96e-1
6.85  5.53  7.00e-1  6.95e-3
4.81  8.54  6.62e-1  8.44e-3
3.92  3.85  5.00e-2  5.41e-1
3.43  3.17  7.93e-1  1.56e-3
7.29  3.54  5.19e-1  8.61e-3
4.39  1.71  4.26e-1  3.71e-3
5.97e-1  8.29  7.88e-1  7.15e-4
3.98  3.39  4.12e-1  7.13e-3
7.38  5.52  4.82e-1  1.58e-2
1.82  5.79  1.82e-1  2.85e-2
1.75  5.22  3.22e-1  7.93e-3
5.32  2.69  8.46e-1  1.8e-5
5.32  9.88  1.88e-1  1.34e-1
6.34  9.05  4.18e-1  2.96e-2
8.49  2.08  9.89e-1  1.62e-3
7.24  2.92  2.37e-1  3.38e-2
6.11  5.20  9.17e-1  3.4e-3
7.22  9.02  9.18e-1  6.94e-3
3.23  9.84  9.22e-2  3.36e-1
3.62  2.58  4.64e-1  3.89e-3
2.28  5.64  5.03e-1  4.58e-3
2.94  8.07  3.14e-1  2.16e-2
6.31  3.94  4.83e-2  9.59e-1
9.21e-1  7.31  2.42e-1  1.03e-2
4.34  1.61  9.64e-2  6.75e-2
4.31  6.01  2.39e-1  4.07e-2
4.94  8.66  8.08e-1  5.88e-3
4.26  9.84  8.95e-1  4.7e-3
3.12  7.94e-1  4.42e-2  1.14e-1
4.26  4.28  3.03e-1  1.79e-2
8.93  2.05  9.81e-1  1.71e-3
8.854 8.854 c^2 * n^-1 * m^-2
100000 100000 *
100 100 *
4 4 *
3.14 3.14 *