HAS_UNITS
UNITS c n
2 40 2
c
n/c
n
HAS_SOLUTION 
6.96  513000.0  0.357048
2.86  667000.0  0.190762
2.27  106000.0  0.024062
5.51  131000.0  0.072181
7.19  322000.0  0.231518
4.23  662000.0  0.280026
9.81  847000.0  0.8309070000000001
6.85  553000.0  0.378805
4.81  854000.0  0.41077400000000003
3.92  385000.0  0.15092
3.43  317000.0  0.108731
7.29  354000.0  0.258066
4.39  171000.0  0.075069
5.97e-1  829000.0  0.0494913
3.98  339000.0  0.134922
7.38  552000.0  0.40737599999999996
1.82  579000.0  0.105378
1.75  522000.0  0.09135
5.32  2690.0  0.0014310800000000002
5.32  988000.0  0.5256160000000001
6.34  905000.0  0.57377
8.49  208000.0  0.176592
7.24  292000.0  0.21140799999999998
6.11  520000.0  0.31772
7.22  902000.0  0.651244
3.23  984000.0  0.317832
3.62  258000.0  0.09339599999999999
2.28  564000.0  0.128592
2.94  807000.0  0.237258
6.31  394000.0  0.248614
9.21e-1  731000.0  0.0673251
4.34  161000.0  0.069874
4.31  601000.0  0.259031
4.94  866000.0  0.42780399999999996
4.26  984000.0  0.419184
3.12  79400.0  0.024772799999999998
4.26  428000.0  0.182328
8.93  205000.0  0.183065
9.44  451000.0  0.425744
5.02  548000.0  0.275096
100000 100000 *
100 100 *