HAS_UNITS
UNITS m
6 100 1
m
m
m
m
m
m
m^2
HAS_SOLUTION v0 v1 * v2 v3 * v4 v5 * + +
-3 7 1 -5 8 -7 64
-6 10 3 3 -5 -10 -98
5 -1 6 3 -8 1 29
-7 6 -10 -9 -9 -9 99
7 -9 2 8 -1 -7 51
2 -6 -3 -9 3 4 -48
-2 -4 3 -9 -3 -5 15
-6 -7 -8 7 8 -7 -42
-1 -7 -6 3 -10 -9 121
1 3 5 2 4 -8 -26
2 10 -6 -5 -1 -7 22
0 -8 -10 6 -7 1 46
-10 -7 8 -10 -5 7 191
-1 7 -6 8 -6 3 -68
-4 8 -8 -3 -6 9 -108
-8 9 2 -10 -5 -6 23
 2  6   4   -9  10 10  82
-2 -9   10  2   -4 -2   12
-4 -8   8   -2  -9 -2   64
0   2   -7 -10  -3 -2   8
10	2	1	-6	-3	3	5
-3	-9	2	-6	0	0	15
2	0	-9	2	-7	-8	38
10	-1	-3	8	8	-7	-90
8	10	-3	3	-4	-10	111
-9	-1	3	2	4	-1	11
-2	4	-9	-3	-10	9	-71
-1	2	1	9	-5	-3	22
-7	-1	6	-7	7	-6	-77
9	10	-7	5	8	-9	-17
-1	-10	-10	-10	1	7	117
-9	3	2	-7	10	10	59
1	-5	9	9	-2	5	66
10	7	-1	-2	-7	-6	114
6	-7	1	9	-2	-2	-29
10	9	7	-7	-2	-7	55
7	-3	-2	3	8	8	37
-2	-8	7	9	2	-5	69
0	-7	8	4	-6	4	8
-9	-1	-1	-2	3	-1	8
-4	-5	-8	-6	-7	-7	117
1	0	-7	6	-2	9	-60
-8	0	-6	-3	-5	-4	38
9	-1	-3	-1	-2	-10	14
-1	-8	-3	9	-2	-4	-11
6	10	1	3	-7	5	28
8	8	3	-7	-2	-1	45
6	7	4	5	3	2	68
5	5	9	-8	-1	9	-56
0	-6	9	-5	2	5	-35
2	-9	-3	1	-6	-5	9
3	6	4	4	9	-8	-38
-10	6	-8	7	-9	10	-206
-3	-6	-8	-10	-4	-3	110
0	5	-3	-1	-10	10	-97
4	6	-9	-3	-9	-6	105
0	2	0	-3	5	0	0
7	9	0	6	-5	8	23
6	-4	0	-6	0	8	-24
-6	1	-2	-10	4	-2	6
9	-2	0	6	1	-2	-20
6	-4	-3	-10	10	-7	-64
10	-4	5	6	-7	-8	46
-7	6	8	5	-7	-7	47
6	8	3	0	6	5	78
7	3	4	1	0	-2	25
-7	7	10	8	-2	-3	37
-6	7	-2	6	0	8	-54
4	1	3	3	2	1	15
9	4	4	5	5	-2	46
-4	0	-3	-8	-8	5	-16
9	-9	-9	-9	-10	3	-30
2	-8	9	2	9	-6	-52
-6	-9	2	10	9	-6	20
-2	7	-9	8	3	8	-62
4	-8	-1	-3	5	-5	-54
6	-2	0	-6	-4	9	-48
3	-4	-5	-8	2	4	36
-6	-3	7	10	9	-3	61
4	3	-1	8	10	-10	-96
6	-6	0	7	3	6	-18
-5	-9	2	5	-5	9	10
0	3	10	-6	-7	1	-67
-6	7	1	-1	-4	-2	-35
-1	10	-1	-10	-8	-7	56
-5	6	-1	6	-5	-7	-1
10	1	-9	-10	2	-6	88
5	-6	7	8	5	7	61
8	-9	0	-9	4	-3	-84
-1	4	-10	-4	-2	-8	52
-5	9	8	9	-5	-4	47
9	8	-5	-4	4	8	124
-4	0	1	-7	3	4	5
-2	-4	6	-7	0	-6	-34
-5	-4	6	-8	7	-2	-42
10	0	1	-3	0	3	-3
6	4	-2	0	1	-8	16
-8	-2	-4	10	-7	-10	46
-2	10	-5	-9	-5	2	15
-3	7	7	-8	-6	-4	-53
1 1 *