HAS_UNITS
UNITS m s
3 10 2
m
m / s
s
m
HAS_SOLUTION 
392.94	7089203.27	5.43	-38504733.01057111
-427.72	89977257.09	0.67	-63194471.37462574
-546.3	-212809418.07	6.53	1971570561.820107
102.63	-199316726.64	9.96	2656180848.6971736
438.94	-96130472.51	7.69	780393503.2113681
-153.79	87244741.8	5.74	-523407120.1907196
961.53	187113361.65	1.03	-246561249.65600294
369.66	28758966.19	7.0	-202243824.3216084
-38.14	191404343.26	6.61	-1643042480.9644125
-215.76	-62187581.91	0.49	31148266.90299869
3.0 3.0 m / s
100000000 100000000 *