HAS_UNITS
UNITS m s
3 10 2
s
m
m / s
s
HAS_SOLUTION 
6.96	26.26	23023399.93	6.980587286957793
2.86	333.25	-233941800.66	4.56853643549704
2.27	-788.18	82817030.53	2.361776201953686
5.51	-738.21	267886616.78	12.24050058095362
7.19	-356.04	145474562.02	8.22126663264043
4.23	323.13	39838021.38	4.267796576622648
9.81	693.01	-214576960.03	14.037108454965395
6.85	106.51	107910400.38	7.341376599584656
4.81	708.9	87030648.36	5.0261452618019495
3.92	-230.32	-243487549.46	6.710275992667734
3.43	-366.42	157841623.0	4.033402764616464
7.29	-291.47	10106959.08	7.2941406579975245
4.39	-657.84	-40031445.13	4.429613105489545
0.6	658.23	155621073.74	0.7018072911690879
3.98	-322.66	-47752619.47	4.031398878006916
7.38	104.74	-10245811.23	7.3843078233521995
1.82	157.1	-171920424.96	2.2208457130434085
1.75	43.07	-96487794.27	1.848200881583082
5.32	-994.62	186587818.14	6.793953756884805
5.32	976.69	-169071975.58	6.440164874257082
3.0 3.0 m / s
100000000 100000000 *