HAS_UNITS
UNITS m s
3 20 2
m
m / s
s
m
HAS_SOLUTION 
392.94	7089203.27	5.43	-38504733.01057111
-427.72	89977257.09	0.67	-63194471.37462574
-546.3	-212809418.07	6.53	1971570561.820107
102.63	-199316726.64	9.96	2656180848.6971736
438.94	-96130472.51	7.69	780393503.2113681
-153.79	87244741.8	5.74	-523407120.1907196
961.53	187113361.65	1.03	-246561249.65600294
369.66	28758966.19	7.0	-202243824.3216084
-38.14	191404343.26	6.61	-1643042480.9644125
-215.76	-62187581.91	0.49	31148266.90299869
-313.64	-98934535.56	7.92	829993371.1467136
458.1	-78697075.18	5.19	423260888.43291324
-122.86	-177615812.23	4.26	938880688.6107655
-880.64	177720822.63	7.88	-1738291954.9982507
-203.91	-87117743.21	4.12	375088344.47770756
475.99	28279840.66	4.81	-136633984.15382951
-635.02	42417792.78	1.82	-77984481.55058916
-649.1	11627852.07	3.21	-37354123.32877186
63.1	-268548445.13	8.46	5096939442.196049
63.66	263706526.41	1.87	-1034291329.458221
3.0 3.0 m / s
100000000 100000000 *