HAS_UNITS
UNITS m s
3 10 2
s
m
m / s
s
HAS_SOLUTION 
6.96	26.26	23023399.93	6.980587286957793
2.86	333.25	-233941800.66	4.56853643549704
2.27	-788.18	82817030.53	2.361776201953686
5.51	-738.21	267886616.78	12.24050058095362
7.19	-356.04	145474562.02	8.22126663264043
4.23	323.13	39838021.38	4.267796576622648
9.81	693.01	-214576960.03	14.037108454965395
6.85	106.51	107910400.38	7.341376599584656
4.81	708.9	87030648.36	5.0261452618019495
3.92	-230.32	-243487549.46	6.710275992667734
3.43	-366.42	157841623.0	4.033402764616464
7.29	-291.47	10106959.08	7.2941406579975245
4.39	-657.84	-40031445.13	4.429613105489545
0.6	658.23	155621073.74	0.7018072911690879
3.98	-322.66	-47752619.47	4.031398878006916
7.38	104.74	-10245811.23	7.3843078233521995
1.82	157.1	-171920424.96	2.2208457130434085
1.75	43.07	-96487794.27	1.848200881583082
5.32	-994.62	186587818.14	6.793953756884805
5.32	976.69	-169071975.58	6.440164874257082
6.34	810.68	-44662827.11	6.411450511339316
8.49	-584.73	264078633.99	17.892984510243696
7.24	-415.02	-142236101.68	8.222973118190453
6.11	40.02	225089459.79	9.242178307431278
7.22	803.82	225934632.62	10.974502841214143
3.23	967.26	-220699975.21	4.768630321518086
3.62	-484.92	-19627528.56	3.6277724574293106
2.28	128.72	1196821.07	2.280018141993371
2.94	613.94	-100618766.97	3.1207638228509014
6.31	-211.26	-244436649.89	10.883853477088438
0.92	462.15	-139489755.89	1.0391629743549708
4.34	-677.86	-218413993.56	6.330887905399949
4.31	201.4	-141345050.92	4.886327979476308
4.94	731.73	166207186.6	5.933927143936146
4.26	967.04	213288275.46	6.057745675737774
3.12	-841.27	-246659638.28	5.481369068594624
4.26	-143.31	-106948708.42	4.559577936422655
8.93	-590.91	259514387.24	17.79986911455142
9.44	-98.73	21332604.18	9.46395733378381
5.02	95.53	68207055.32	5.155001622097944
3.0 3.0 m / s
100000000 100000000 *