HAS_UNITS
UNITS m s
3 40 2
m
m / s
s
m
HAS_SOLUTION 
392.94	7089203.27	5.43	-38504733.01057111
-427.72	89977257.09	0.67	-63194471.37462574
-546.3	-212809418.07	6.53	1971570561.820107
102.63	-199316726.64	9.96	2656180848.6971736
438.94	-96130472.51	7.69	780393503.2113681
-153.79	87244741.8	5.74	-523407120.1907196
961.53	187113361.65	1.03	-246561249.65600294
369.66	28758966.19	7.0	-202243824.3216084
-38.14	191404343.26	6.61	-1643042480.9644125
-215.76	-62187581.91	0.49	31148266.90299869
-313.64	-98934535.56	7.92	829993371.1467136
458.1	-78697075.18	5.19	423260888.43291324
-122.86	-177615812.23	4.26	938880688.6107655
-880.64	177720822.63	7.88	-1738291954.9982507
-203.91	-87117743.21	4.12	375088344.47770756
475.99	28279840.66	4.81	-136633984.15382951
-635.02	42417792.78	1.82	-77984481.55058916
-649.1	11627852.07	3.21	-37354123.32877186
63.1	-268548445.13	8.46	5096939442.196049
63.66	263706526.41	1.87	-1034291329.458221
268.8	218884450.86	4.17	-1334703220.4802065
698.86	-157876634.95	9.89	1836236516.2275167
448.91	-112055717.09	2.37	286293720.3731747
222.05	10805482.66	9.17	-99150389.51677684
444.89	217032141.24	9.18	-2885852847.7979264
-354.08	261160677.85	0.91	-482938295.33858013
-276.42	-130927285.36	4.64	675196902.6194566
-543.47	34753883.18	5.02	-175647645.50783858
-412.57	165763089.43	3.14	-624482928.8253444
261.95	-57040170.87	0.47	27307277.03942864
-815.79	124779439.36	2.42	-332052341.83642304
-132.6	-183022732.21	0.96	221749511.87715292
-138.27	54377226.63	2.38	-131597764.44606751
-12.63	197566807.48	8.08	-2121292449.8966131
-148.34	261101668.97	8.95	-4745344004.716695
-375.48	-227142473.2	0.43	149515140.63160712
-147.3	-38692471.66	3.02	117835294.25511715
786.78	-159546855.84	9.81	1848196306.888035
888.32	-26656295.12	5.4	144516497.7971068
3.67	25792329.22	6.26	-162060029.82162353
3.0 3.0 m / s
100000000 100000000 *