STANDARD
3 40 1
NO_SOLUTION *
2.52	1.08	2.85	0.329411765
1.49	1.04	2.86	0.292300147
1.95	1.5	2.63	0.441276307
1.35	1.49	1.83	0.507890418
1.71	2.05	1.62	0.727251981
1.22	1.02	1.03	0.546604586
2.73	2.78	1.3	1.199146785
1	1.72	1.97	0.466124661
2.55	1.21	1.41	0.642076787
1.38	1.02	2.06	0.364398882
1.43	2.37	2.82	0.529331834
2.35	1.36	1.76	0.581513828
1.7	1.94	2.43	0.543238346
2.2	2.81	2.14	0.822293163
1.25	1.44	1.48	0.547112462
1.97	1.95	1.8	0.698962882
2.29	1.37	1.56	0.63477258
2.27	2.02	2.54	0.588943975
1.97	1.61	1.84	0.605887522
1.17	1.61	2.75	0.390201968
1.18	2.52	1.07	0.786125945
2.36	1.43	2.54	0.45455525
2.18	2.63	1.65	0.920732295
2.38	1.82	2.49	0.559190313
1.03	1.96	1.15	0.642009858
2.95	1.85	1.79	0.765374097
2.87	1.48	1.29	0.819636069
1.55	1.05	1.79	0.425545823
1.89	1.72	2.34	0.529222153
2.53	2.08	1.79	0.796283687
1.57	1.29	2.14	0.435567121
1.22	2.6	1.93	0.640213135
2.91	2.53	2.46	0.75989307
1.3	2.16	2.7	0.495238095
2.13	1.34	2.97	0.372314475
2.2	1.74	2.37	0.550474547
1.27	2.58	2.72	0.542986875
1.57	1.53	2.35	0.460216496
1.68	2.01	1.64	0.708637623
2.13	1.7	2.32	0.545199952
-1 1