STANDARD
1 80 3
HAS_SOLUTION v0 - a 2 / 2 pi sqrt /
-0.36	0.425649716
0.98	0.644849364
-0.96	0.632459853
0.83	0.562992747
-0.58	0.472017823
0.65	0.492781931
0.78	0.540782273
-0.16	0.404081563
-0.81	0.553834965
0.92	0.609120885
0.25	0.411606068
0.1	0.400941987
-0.86	0.577447048
-0.31	0.418579462
0.31	0.418579462
-0.65	0.492781931
-0.28	0.414891378
0.1	0.400941987
-0.16	0.404081563
0.38	0.428811207
0.24	0.410598867
-0.91	0.60357285
-0.65	0.492781931
-0.89	0.592805733
0.51	0.454349509
-0.2	0.407001449
-0.72	0.516986492
-0.16	0.404081563
-0.64	0.489613716
0.62	0.483483286
0.39	0.430465313
-0.3	0.41730474
0.32	0.419900066
-0.34	0.422680572
-0.47	0.445530963
-0.84	0.567713418
-0.89	0.592805733
0.64	0.489613716
-0.14	0.402871135
0.68	0.50271165
-0.99	0.651232516
0.97	0.638592634
0.19	0.40620857
0.58	0.472017823
0.79	0.54504412
-0.88	0.587582549
-0.64	0.489613716
0.35	0.424141339
-0.17	0.404748848
0.06	0.399661023
-0.16	0.404081563
0.1	0.400941987
-0.39	0.430465313
-0.21	0.407836658
-0.34	0.422680572
-0.29	0.416075505
-0.48	0.447652269
0.74	0.524589864
0.65	0.492781931
-1	0.657744623
-0.98	0.644849364
0.6	0.477620625
0.05	0.39944127
0.9	0.598135158
0.16	0.404081563
-0.29	0.416075505
-0.3	0.41730474
0.5	0.452060828
-0.73	0.520748264
0.77	0.536607409
0.22	0.40871445
0.91	0.60357285
-0.88	0.587582549
0.47	0.445530963
0.72	0.516986492
0.16	0.404081563
-0.04	0.399261562
-0.4	0.432169013
0.95	0.626448611
-0.43	0.43758315
2 2
2.718281828 2.718281828
3.1415926535 3.1415926535