HAS_UNITS
UNITS m
3 80 1
m
m
*
m
HAS_SOLUTION v0  v1  / v2  + v1  /
1.54	2.07	2.45	0.545575903
2.56	1.34	1.13	0.81043281
2.14	1.15	2.23	0.41555503
1.07	1.65	1.5	0.542396313
1.98	2.23	2.71	0.581294926
1.58	2.91	1.77	0.805698665
1.58	2.15	2.03	0.634076231
2.23	1.59	2.82	0.450041886
2.5	1.84	2.25	0.616208975
2.35	1.54	1.52	0.707942097
2.32	1.94	2.48	0.585005719
1.07	1.09	2.78	0.286940904
1.35	2.32	2.31	0.575894088
2.15	2.83	1.46	1.019349975
1.48	2.83	2.76	0.605715277
1.94	1.09	2.9	0.314860036
2.76	2.78	2.43	0.808786946
2.09	2.54	2.48	0.687357572
1.47	2.41	2.06	0.65144717
2.4	2.36	1.4	0.99020979
1.46	2.43	1.69	0.724425205
1.69	2.12	2.42	0.576959
1.89	1.31	2.9	0.364585481
1.35	1.92	2.89	0.445246071
2.97	2.24	1.93	0.834510355
2.75	1.19	1.62	0.579716563
2.23	1.4	1.18	0.774420797
1.08	1.46	1.18	0.576653013
1.43	2.51	1.07	0.888418603
1.11	1.05	2.78	0.281807631
2.97	1.97	1.79	0.803000151
1.32	2.96	2.63	0.607500466
1.16	1.8	1.88	0.524517685
1.22	1.1	1.69	0.424441774
2.93	2.02	1.94	0.768230316
1.78	2.87	1.2	1.020495406
1.55	1.39	2.96	0.360404818
1.62	1.85	2.46	0.513607074
1.51	2.3	2.15	0.626160642
1.36	2.23	2.55	0.532256932
1.27	2.1	2.52	0.503169572
2.63	1.08	1.93	0.461411004
2.22	2.82	2.91	0.67459753
1.9	2.81	1.99	0.810043999
2.8	1.48	2.69	0.459831336
2.84	2.92	2.36	0.861822414
2.99	1.98	1.46	0.932990828
2.45	1.78	2.03	0.645739246
1.83	1.04	2.12	0.38686072
1.85	1.76	2.3	0.541313383
2.61	2.71	2.4	0.788176956
1.54	2.16	1.76	0.682982917
1.44	2.54	2.03	0.66949773
1.57	1.35	2.13	0.451524254
2.75	2.05	1.48	0.921160131
1.54	1.4	1.8	0.516778523
2.84	2.98	2.44	0.854040526
2.67	1.35	2.54	0.443259795
2.74	2.44	1.62	0.971913706
2.57	2.58	2.18	0.810329235
2.5	1.05	2.89	0.317220544
1.32	1.2	1.28	0.548172757
2.37	2.26	1.58	0.892016121
1.47	2.15	1.66	0.68853209
1.74	1.59	2.51	0.46439722
1.11	1.7	1.21	0.620091354
1.28	2.88	2.73	0.578313253
2.64	1.03	1.86	0.457746953
1.26	2.73	2.41	0.596504006
1.02	2.37	2.68	0.473665648
2.78	2.16	1.14	1.126773249
2.76	2.85	1.63	1.070378837
1.95	1.63	2.05	0.564815637
1.79	2.32	2.68	0.583487888
2.31	1.63	1.08	0.912844259
2.13	2.78	1.89	0.870064799
2.12	2.46	2.77	0.6258941
2.75	2.64	2.49	0.765217391
2.28	2.44	1.51	0.945672129
1.53	2.18	1.61	0.718325329
1 1 *