STANDARD
3 20 1
NO_SOLUTION *
1.21	2.82	2.74	0.556149558
2.94	1.04	1.59	0.535050572
2.23	1.05	1.57	0.514491002
2.59	2.84	1.93	0.938369883
2.9	1.57	2.5	0.516213152
1.82	2.96	2.75	0.676359071
1.75	1.25	1.39	0.594025798
2.87	2.92	2.72	0.781287291
2.91	1.57	2.03	0.611009322
2.13	1.13	1.69	0.508890627
2.91	1.77	1.66	0.780338151
1.46	1.56	2.82	0.401183682
2.56	2.47	2.95	0.63093195
2.76	2.19	2.63	0.639700279
2.63	1	2.59	0.336674475
1.14	1.63	1.48	0.560171229
1.93	1.53	2.66	0.443125544
2.73	2.02	1.7	0.82789371
1.67	1.12	1.93	0.430660128
1.1	1.19	1.01	0.568883094
-1 1