HAS_UNITS
UNITS m
3 20 1
m
m
1
m
HAS_SOLUTION v0  v1  / v2  + v1  /
2.52	1.08	2.85	0.329411765
1.49	1.04	2.86	0.292300147
1.95	1.5	2.63	0.441276307
1.35	1.49	1.83	0.507890418
1.71	2.05	1.62	0.727251981
1.22	1.02	1.03	0.546604586
2.73	2.78	1.3	1.199146785
1	1.72	1.97	0.466124661
2.55	1.21	1.41	0.642076787
1.38	1.02	2.06	0.364398882
1.43	2.37	2.82	0.529331834
2.35	1.36	1.76	0.581513828
1.7	1.94	2.43	0.543238346
2.2	2.81	2.14	0.822293163
1.25	1.44	1.48	0.547112462
1.97	1.95	1.8	0.698962882
2.29	1.37	1.56	0.63477258
2.27	2.02	2.54	0.588943975
1.97	1.61	1.84	0.605887522
1.17	1.61	2.75	0.390201968
1 1 *