HAS_UNITS
UNITS m
6 80 1
m
m
m
m
m
m
m^2
HAS_SOLUTION v0 v1 * v2 v3 * v4 v5 * + +
-9	-1	-8	-4	4	5	61
-2	-10	3	-9	-8	-10	73
-7	-4	-9	-2	4	-4	30
7	2	9	-5	8	4	1
3	-6	5	-8	-7	-7	-9
-10	-7	6	-9	-10	7	-54
5	-8	1	4	-10	10	-136
2	6	-7	3	-3	-3	0
10	-10	3	3	6	-8	-139
0	1	8	-10	-4	2	-88
-6	6	-8	-3	-3	8	-36
-3	-5	5	9	8	-8	-4
2	-2	7	6	-7	-5	73
7	-4	-9	1	-2	-8	-21
6	-7	-3	-8	-7	3	-39
-7	-9	6	-10	-3	-4	15
8	2	5	-4	5	5	21
9	-8	2	8	4	4	-40
6	9	10	4	-1	3	91
6	-8	-9	3	-8	8	-139
10	2	1	-6	-3	3	5
-3	-9	2	-6	0	0	15
2	0	-9	2	-7	-8	38
10	-1	-3	8	8	-7	-90
8	10	-3	3	-4	-10	111
-9	-1	3	2	4	-1	11
-2	4	-9	-3	-10	9	-71
-1	2	1	9	-5	-3	22
-7	-1	6	-7	7	-6	-77
9	10	-7	5	8	-9	-17
-1	-10	-10	-10	1	7	117
-9	3	2	-7	10	10	59
1	-5	9	9	-2	5	66
10	7	-1	-2	-7	-6	114
6	-7	1	9	-2	-2	-29
10	9	7	-7	-2	-7	55
7	-3	-2	3	8	8	37
-2	-8	7	9	2	-5	69
0	-7	8	4	-6	4	8
-9	-1	-1	-2	3	-1	8
-4	-5	-8	-6	-7	-7	117
1	0	-7	6	-2	9	-60
-8	0	-6	-3	-5	-4	38
9	-1	-3	-1	-2	-10	14
-1	-8	-3	9	-2	-4	-11
6	10	1	3	-7	5	28
8	8	3	-7	-2	-1	45
6	7	4	5	3	2	68
5	5	9	-8	-1	9	-56
0	-6	9	-5	2	5	-35
2	-9	-3	1	-6	-5	9
3	6	4	4	9	-8	-38
-10	6	-8	7	-9	10	-206
-3	-6	-8	-10	-4	-3	110
0	5	-3	-1	-10	10	-97
4	6	-9	-3	-9	-6	105
0	2	0	-3	5	0	0
7	9	0	6	-5	8	23
6	-4	0	-6	0	8	-24
-6	1	-2	-10	4	-2	6
9	-2	0	6	1	-2	-20
6	-4	-3	-10	10	-7	-64
10	-4	5	6	-7	-8	46
-7	6	8	5	-7	-7	47
6	8	3	0	6	5	78
7	3	4	1	0	-2	25
-7	7	10	8	-2	-3	37
-6	7	-2	6	0	8	-54
4	1	3	3	2	1	15
9	4	4	5	5	-2	46
-4	0	-3	-8	-8	5	-16
9	-9	-9	-9	-10	3	-30
2	-8	9	2	9	-6	-52
-6	-9	2	10	9	-6	20
-2	7	-9	8	3	8	-62
4	-8	-1	-3	5	-5	-54
6	-2	0	-6	-4	9	-48
3	-4	-5	-8	2	4	36
-6	-3	7	10	9	-3	61
4	3	-1	8	10	-10	-96
1 1 *