STANDARD
2 80 4
NO_SOLUTION *
7.18E+14	61908	1.342738852
5.6E+14	34063	0.832502472
5.45E+14	78514	2.529483209
6.08E+14	46262	1.13765028
6.19E+14	69736	1.882828159
6.81E+14	98640	2.545657906
4.23E+14	12976	0.264534341
5.9E+14	32568	0.721737055
6.9E+14	14119	0.105960242
4.58E+14	24251	0.677811445
5.76E+14	52535	1.444085662
7.24E+14	47317	0.922428218
4.33E+14	90033	3.851742311
7.13E+14	86066	2.048226745
5.9E+14	30195	0.643400217
5.48E+14	59508	1.799384561
7.49E+14	23899	0.285708369
6.8E+14	34281	0.628600134
5.22E+14	32778	0.871475615
7.38E+14	18258	0.167843014
7.33E+14	81597	1.855332745
7.42E+14	75004	1.64565673
6.28E+14	16342	0.187844436
6.49E+14	98681	2.694484866
5.7E+14	62774	1.830933828
4.91E+14	59864	2.073173049
5.66E+14	46501	1.260284023
7.43E+14	85895	1.943326921
5.71E+14	18556	0.295949704
5.94E+14	19680	0.307036091
4.77E+14	8740	0.078581432
5.94E+14	3368	0.000210924
6.1E+14	45499	1.10742541
5.33E+14	53772	1.64160777
4.28E+14	83184	3.570260784
5.36E+14	64266	2.031562432
4.45E+14	58118	2.251863099
4.3E+14	26264	0.837495857
5.48E+14	58296	1.75405878
6.35E+14	97013	2.709478174
7.36E+14	10666	0.037833932
5.7E+14	88104	2.746516265
5.71E+14	83337	2.568441356
6.08E+14	24351	0.432073258
5.81E+14	43459	1.11169026
5.04E+14	87127	3.12515317
4.88E+14	37053	1.134414182
6.23E+14	92162	2.609402689
5.63E+14	33286	0.798828193
6.47E+14	97664	2.671717032
7.3E+14	18794	0.183475234
5.63E+14	63395	1.881658359
5.73E+14	40721	1.03663521
7.46E+14	96330	2.22150615
4.26E+14	66300	2.768538942
7.49E+14	72674	1.562787857
4.86E+14	70550	2.552240191
7.5E+14	40660	0.702447629
6.21E+14	32934	0.679447515
5.59E+14	51856	1.475844084
4.91E+14	23533	0.580754571
5.78E+14	42787	1.096102417
5.86E+14	29263	0.619397471
7.34E+14	87169	2.008118122
7.37E+14	50175	0.976822393
6.18E+14	28820	0.555984863
5.53E+14	3832	0.000983044
5.63E+14	79506	2.470781599
7.36E+14	72629	1.596541804
5.53E+14	76572	2.414000307
6.02E+14	97433	2.897056962
4.84E+14	40979	1.311166664
7.37E+14	24293	0.304068082
4.77E+14	72102	2.676019678
7.16E+14	59209	1.271160237
4.51E+14	7939	0.070041725
6.83E+14	30676	0.523243975
4.8E+14	87686	3.328283934
4.87E+14	99227	3.765103767
5.33E+14	48055	1.422769388
0.001380649 0.001380649 j * k^-1
0.000662607015 0.000662607015 j * s
10000000000 10000000000 *
1 1 *