HAS_UNITS
UNITS m s
2 20 2
m
m / s
m
HAS_SOLUTION c1 a v1 a / c0 - r v0 /
31	115980472	33.61765207
97	273349182	236.2130173
34	201195373	45.86210601
83	251134626	151.9761213
54	182964155	68.16733455
92	170574166	111.8737725
22	298738372	262.5802747
83	188566486	106.7643149
68	237298861	111.2724852
42	171932075	51.26934407
72	149614205	83.08639613
8	60195921	8.166315995
27	550184	27.00004547
29	278882363	79.03571834
16	89099325	16.75718682
67	29067160	67.31716401
73	208130428	101.4261491
42	77250162	43.46788294
85	222066286	126.5259208
86	208355236	119.6086705
1 1 *
300000000 300000000  m / s