HAS_UNITS
UNITS m
4 40 1
m
m
m
m
m
HAS_SOLUTION v0 v1 - a v2 v3 - a + r
-10	8	-9	9	25.45584412
-1	-5	-1	4	6.403124237
-3	-7	4	5	4.123105626
8	-5	-5	4	15.8113883
3	-5	1	-8	12.04159458
-5	-7	10	0	10.19803903
1	10	-10	1	14.2126704
6	-3	4	-3	11.40175425
-7	5	-3	-6	12.36931688
0	-6	-4	-1	6.708203932
10	6	-9	0	9.848857802
-7	5	-7	-10	12.36931688
4	-1	-5	-4	5.099019514
8	3	0	7	8.602325267
8	-1	3	0	9.486832981
-5	7	4	4	12
-6	-7	-2	1	3.16227766
1	0	-5	-5	1
3	-1	-3	-2	4.123105626
-1	5	6	-5	12.52996409
2	-6	3	8	9.433981132
-3	10	-10	7	21.40093456
-1	4	10	10	5
0	4	-1	-1	4
10	-6	6	6	16
-4	-2	3	-5	8.246211251
-2	-4	2	-2	4.472135955
-4	7	-5	5	14.86606875
2	-10	4	9	13
4	0	8	10	4.472135955
1	9	10	-9	20.61552813
-8	2	3	-1	10.77032961
1	-7	-8	1	12.04159458
8	8	4	-4	8
5	-7	2	-3	13
-10	-9	-9	-3	6.08276253
5	-3	-6	-7	8.062257748
-3	1	-4	-9	6.403124237
0	-3	7	1	6.708203932
0	-4	4	-2	7.211102551
1 1 *