STANDARD
2 20 4
HAS_SOLUTION c3 c0 v1 * c1 v0 * / e - c3 /
7.14E+14	26990	0.39071038
6.31E+14	42356	0.957741422
4.03E+14	59860	2.621866168
6.52E+14	44998	0.99553357
6.88E+14	12711	0.080436272
7.22E+14	98778	2.379864807
5.46E+14	69984	2.201880377
4.39E+14	74557	3.062277846
6.8E+14	64936	1.531480102
6.91E+14	4883	0.001124575
6.34E+14	44784	1.028028505
4.81E+14	7586	0.050078878
4.92E+14	27157	0.721681362
5.99E+14	42017	1.018165311
5.51E+14	63316	1.92906149
7.33E+14	38052	0.657649666
5.74E+14	10247	0.072952341
7.03E+14	56350	1.219788826
5.78E+14	93938	2.910991658
4.94E+14	8820	0.072979863
0.001380649 0.001380649
0.000662607015 0.000662607015 
10000000000 10000000000 
1 1 