HAS_UNITS
UNITS s k kg m 
2 100 4
s^-1
k
1
HAS_SOLUTION c3 c0 v1 * c1 v0 * / e - c3 /
6.46e+04    5.17e-05    1.04e+02
9.33e+03    5.31e-04    7.46e+03
1.70e+04    5.41e-04    4.16e+03
9.00e+04    6.37e-04    9.27e+02
6.10e+04    7.26e-04    1.56e+03
1.91e+03    9.76e-04    6.69e+04
1.10e+04    5.16e-04    6.12e+03
6.67e+04    3.23e-04    6.34e+02
1.50e+03    7.95e-04    6.94e+04
1.69e+04    2.71e-04    2.10e+03
5.53e+04    4.39e-04    1.04e+03
6.95e+04    7.85e-05    1.47e+02
6.55e+04    2.54e-05    5.01e+01
2.32e+04    9.63e-04    5.43e+03
7.15e+04    8.36e-04    1.53e+03
2.45e+04    6.96e-04    3.72e+03
3.32e+04    4.09e-04    1.61e+03
7.49e+04    1.73e-04    3.02e+02
6.53e+04    1.56e-04    3.13e+02
8.51e+04    2.50e-04    3.85e+02
6.61e+04    5.49e-04    1.09e+03
5.73e+04    7.15e-04    1.63e+03
1.03e+04    6.60e-04    8.41e+03
3.74e+04    2.80e-04    9.79e+02
2.73e+04    9.55e-04    4.59e+03
2.52e+04    7.38e-04    3.84e+03
9.73e+04    5.54e-04    7.45e+02
3.99e+04    6.12e-04    2.01e+03
8.93e+04    4.20e-04    6.15e+02
6.35e+04    2.48e-04    5.10e+02
7.97e+04    3.56e-04    5.84e+02
5.08e+04    7.58e-04    1.95e+03
5.81e+04    1.44e-05    3.19e+01
4.98e+04    1.16e-04    3.05e+02
2.03e+04    4.60e-05    2.96e+02
7.25e+04    4.07e-05    7.30e+01
2.88e+04    8.55e-04    3.89e+03
3.41e+03    7.04e-04    2.70e+04
6.49e+04    4.74e-04    9.56e+02
1.85e+04    9.78e-05    6.91e+02
9.41e+04    4.92e-04    6.83e+02
9.54e+04    4.73e-04    6.49e+02
9.16e+04    1.73e-04    2.47e+02
3.76e+04    4.34e-04    1.51e+03
2.53e+03    3.99e-04    2.06e+04
9.29e+04    6.16e-04    8.67e+02
4.34e+04    6.35e-04    1.92e+03
9.67e+04    4.53e-05    6.08e+01
9.64e+04    3.75e-04    5.08e+02
8.54e+04    6.26e-04    9.58e+02
3.02e+04    5.03e-04    2.18e+03
3.91e+04    8.56e-04    2.87e+03
8.53e+04    6.59e-04    1.01e+03
3.24e+04    1.63e-04    6.58e+02
1.78e+04    7.06e-05    5.19e+02
5.61e+04    6.42e-04    1.50e+03
9.37e+04    2.65e-05    3.66e+01
6.99e+04    5.86e-04    1.10e+03
5.74e+04    9.40e-04    2.14e+03
1.06e+04    5.75e-04    7.09e+03
6.19e+04    3.88e-04    8.21e+02
9.90e+04    6.43e-04    8.50e+02
1.49e+04    4.58e-04    4.03e+03
5.23e+04    5.46e-04    1.37e+03
8.79e+04    9.41e-04    1.40e+03
7.43e+04    3.86e-04    6.80e+02
7.00e+04    9.61e-04    1.80e+03
7.05e+04    9.05e-04    1.68e+03
3.66e+04    1.96e-04    7.00e+02
3.01e+04    6.94e-05    3.02e+02
8.11e+04    1.01e-04    1.62e+02
8.12e+04    1.82e-05    2.89e+01
8.68e+04    9.44e-05    1.42e+02
9.14e+04    6.83e-04    9.78e+02
5.16e+04    7.12e-05    1.80e+02
5.07e+04    3.19e-04    8.24e+02
8.00e+04    8.45e-04    1.38e+03
6.53e+04    2.33e-05    4.61e+01
7.05e+04    8.14e-04    1.51e+03
7.98e+04    2.82e-04    4.62e+02
8.91e+04    1.18e-04    1.73e+02
3.45e+04    6.97e-04    2.65e+03
3.82e+04    6.29e-04    2.16e+03
1.03e+04    8.77e-04    1.11e+04
5.82e+04    7.35e-04    1.65e+03
4.56e+03    8.03e-04    2.31e+04
4.71e+04    2.82e-04    7.84e+02
5.47e+04    1.77e-04    4.24e+02
2.94e+04    7.51e-04    3.35e+03
5.95e+04    8.07e-04    1.78e+03
4.02e+03    9.91e-04    3.23e+04
4.70e+03    4.13e-04    1.15e+04
8.24e+04    3.72e-04    5.90e+02
3.67e+04    7.76e-04    2.77e+03
1.36e+04    3.41e-04    3.29e+03
5.27e+04    9.31e-04    2.31e+03
7.72e+04    8.58e-04    1.45e+03
2.24e+04    4.29e-04    2.51e+03
6.27e+04    7.51e-04    1.57e+03
9.45e+03    7.55e-04    1.05e+04
1.38e-3 1.38e-3 m^2 * kg * s^-2 * k^-1
1.054e-4 1.054e-4 m^2 * kg * s^-1
10000000000 10000000000 *
1 1 *