HAS_UNITS
UNITS C m N
2 100 4
C
m
N / C
HAS_SOLUTION c2 c0 c1 v1 a * * * v0 c3 * /
3.75e-04	3.24e-01	3.21e+07
9.51e-04	6.37e+00	2.11e+05
7.32e-04	3.15e+00	6.63e+05
5.99e-04	5.09e+00	2.08e+05
1.56e-04	9.08e+00	1.70e+04
1.56e-04	2.50e+00	2.24e+05
5.81e-05	4.11e+00	3.09e+04
8.66e-04	7.56e+00	1.36e+05
6.01e-04	2.30e+00	1.03e+06
7.08e-04	7.79e-01	1.05e+07
2.06e-05	2.90e+00	2.19e+04
9.70e-04	1.62e+00	3.32e+06
8.32e-04	9.30e+00	8.66e+04
2.12e-04	8.08e+00	2.92e+04
1.82e-04	6.34e+00	4.07e+04
1.83e-04	8.72e+00	2.17e+04
3.04e-04	8.04e+00	4.23e+04
5.25e-04	1.87e+00	1.34e+06
4.32e-04	8.93e+00	4.87e+04
2.91e-04	5.40e+00	8.99e+04
6.12e-04	8.08e+00	8.43e+04
1.39e-04	8.96e+00	1.56e+04
2.92e-04	3.19e+00	2.59e+05
3.66e-04	1.11e+00	2.68e+06
4.56e-04	2.29e+00	7.84e+05
7.85e-04	4.28e+00	3.86e+05
2.00e-04	8.18e+00	2.68e+04
5.14e-04	8.61e+00	6.24e+04
5.92e-04	7.95e-02	8.44e+08
4.65e-05	5.11e+00	1.60e+04
6.08e-04	4.18e+00	3.13e+05
1.71e-04	2.23e+00	3.09e+05
6.51e-05	1.21e+00	4.01e+05
9.49e-04	3.38e+00	7.46e+05
9.66e-04	9.43e+00	9.76e+04
8.08e-04	3.24e+00	6.93e+05
3.05e-04	5.19e+00	1.02e+05
9.77e-05	7.03e+00	1.78e+04
6.84e-04	3.64e+00	4.64e+05
4.40e-04	9.72e+00	4.19e+04
1.22e-04	9.62e+00	1.18e+04
4.95e-04	2.53e+00	6.98e+05
3.44e-05	4.98e+00	1.25e+04
9.09e-04	3.02e+00	8.99e+05
2.59e-04	2.86e+00	2.85e+05
6.63e-04	3.79e-01	4.16e+07
3.12e-04	6.10e+00	7.53e+04
5.20e-04	5.03e+00	1.85e+05
5.47e-04	5.24e-01	1.79e+07
1.85e-04	2.79e+00	2.13e+05
9.70e-04	9.08e+00	1.06e+05
7.75e-04	2.40e+00	1.21e+06
9.39e-04	1.46e+00	3.98e+06
8.95e-04	4.90e+00	3.35e+05
5.98e-04	9.86e+00	5.53e+04
9.22e-04	2.43e+00	1.41e+06
8.85e-05	6.72e+00	1.76e+04
1.96e-04	7.62e+00	3.04e+04
4.52e-05	2.38e+00	7.16e+04
3.25e-04	7.28e+00	5.51e+04
3.89e-04	3.68e+00	2.57e+05
2.71e-04	6.33e+00	6.10e+04
8.29e-04	6.34e+00	1.85e+05
3.57e-04	5.36e+00	1.12e+05
2.81e-04	9.12e-01	3.04e+06
5.43e-04	8.35e+00	6.99e+04
1.41e-04	3.21e+00	1.23e+05
8.02e-04	1.87e+00	2.06e+06
7.46e-05	4.17e-01	3.85e+06
9.87e-04	5.91e+00	2.54e+05
7.72e-04	6.78e+00	1.51e+05
1.99e-04	1.76e-01	5.79e+07
5.52e-06	5.13e+00	1.89e+03
8.15e-04	2.27e+00	1.42e+06
7.07e-04	6.46e+00	1.53e+05
7.29e-04	1.75e+00	2.14e+06
7.71e-04	6.91e+00	1.45e+05
7.40e-05	3.87e+00	4.44e+04
3.58e-04	9.37e+00	3.67e+04
1.16e-04	1.38e+00	5.44e+05
8.63e-04	3.42e+00	6.65e+05
6.23e-04	1.14e+00	4.29e+06
3.31e-04	9.25e+00	3.48e+04
6.36e-05	8.77e+00	7.42e+03
3.11e-04	2.59e+00	4.18e+05
3.25e-04	6.60e+00	6.71e+04
7.30e-04	8.17e+00	9.82e+04
6.38e-04	5.56e+00	1.86e+05
8.87e-04	5.30e+00	2.84e+05
4.72e-04	2.43e+00	7.21e+05
1.20e-04	9.40e-01	1.22e+06
7.13e-04	8.97e+00	7.97e+04
7.61e-04	9.01e+00	8.44e+04
5.61e-04	6.33e+00	1.26e+05
7.71e-04	3.40e+00	6.01e+05
4.94e-04	3.50e+00	3.63e+05
5.23e-04	7.26e+00	8.91e+04
4.28e-04	8.97e+00	4.78e+04
2.54e-05	8.87e+00	2.90e+03
1.08e-04	7.80e+00	1.59e+04
3.1415926535 3.1415926535 *
8.854 8.854 C^2 * 1 / N * 1 / m * 1 / m
4 4 *
1000000 1000000 *