HAS_UNITS
UNITS a m c kg s
2 100 4
a
m
a*kg*s^2/c^2*m
HAS_SOLUTION 
3.75e+01    3.20e-01    4.82e-06
9.51e+01    6.37e+00    4.84e-03
7.32e+01    3.15e+00    9.12e-04
5.99e+01    5.09e+00    1.95e-03
1.57e+01    9.08e+00    1.62e-03
1.57e+01    2.50e+00    1.23e-04
5.90e+00    4.11e+00    1.25e-04
8.66e+01    7.56e+00    6.21e-03
6.01e+01    2.30e+00    3.99e-04
7.08e+01    7.80e-01    5.41e-05
2.16e+00    2.90e+00    2.28e-05
9.70e+01    1.62e+00    3.19e-04
8.33e+01    9.30e+00    9.04e-03
2.13e+01    8.08e+00    1.75e-03
1.83e+01    6.34e+00    9.21e-04
1.84e+01    8.72e+00    1.76e-03
3.05e+01    8.04e+00    2.47e-03
5.25e+01    1.87e+00    2.30e-04
4.32e+01    8.93e+00    4.33e-03
2.92e+01    5.40e+00    1.07e-03
6.12e+01    8.08e+00    5.02e-03
1.40e+01    8.96e+00    1.41e-03
2.93e+01    3.19e+00    3.74e-04
3.67e+01    1.11e+00    5.67e-05
4.57e+01    2.29e+00    3.00e-04
7.85e+01    4.28e+00    1.81e-03
2.01e+01    8.18e+00    1.68e-03
5.15e+01    8.61e+00    4.79e-03
5.93e+01    8.00e-02    4.76e-07
4.74e+00    5.11e+00    1.55e-04
6.08e+01    4.18e+00    1.33e-03
1.71e+01    2.23e+00    1.07e-04
6.60e+00    1.21e+00    1.21e-05
9.49e+01    3.38e+00    1.36e-03
9.66e+01    9.43e+00    1.08e-02
8.09e+01    3.24e+00    1.07e-03
3.05e+01    5.19e+00    1.03e-03
9.86e+00    7.03e+00    6.12e-04
6.85e+01    3.64e+00    1.14e-03
4.41e+01    9.72e+00    5.23e-03
1.23e+01    9.62e+00    1.43e-03
4.96e+01    2.53e+00    3.98e-04
3.54e+00    4.98e+00    1.10e-04
9.09e+01    3.02e+00    1.04e-03
2.59e+01    2.86e+00    2.66e-04
6.63e+01    3.80e-01    1.20e-05
3.12e+01    6.10e+00    1.46e-03
5.20e+01    5.03e+00    1.65e-03
5.47e+01    5.20e-01    1.86e-05
1.86e+01    2.79e+00    1.81e-04
9.70e+01    9.08e+00    1.00e-02
7.75e+01    2.40e+00    5.60e-04
9.40e+01    1.46e+00    2.51e-04
8.95e+01    4.90e+00    2.70e-03
5.98e+01    9.86e+00    7.30e-03
9.22e+01    2.43e+00    6.83e-04
8.94e+00    6.72e+00    5.07e-04
1.97e+01    7.62e+00    1.43e-03
4.62e+00    2.38e+00    3.28e-05
3.26e+01    7.28e+00    2.17e-03
3.89e+01    3.68e+00    6.62e-04
2.72e+01    6.33e+00    1.37e-03
8.29e+01    6.34e+00    4.18e-03
3.57e+01    5.36e+00    1.29e-03
2.82e+01    9.10e-01    2.93e-05
5.43e+01    8.35e+00    4.75e-03
1.42e+01    3.21e+00    1.83e-04
8.02e+01    1.87e+00    3.52e-04
7.55e+00    4.20e-01    1.67e-06
9.87e+01    5.91e+00    4.33e-03
7.72e+01    6.78e+00    4.46e-03
1.99e+01    1.80e-01    8.11e-07
6.50e-01    5.13e+00    2.15e-05
8.16e+01    2.27e+00    5.27e-04
7.07e+01    6.46e+00    3.70e-03
7.29e+01    1.75e+00    2.80e-04
7.72e+01    6.91e+00    4.62e-03
7.50e+00    3.87e+00    1.41e-04
3.59e+01    9.37e+00    3.96e-03
1.17e+01    1.38e+00    2.79e-05
8.63e+01    3.42e+00    1.27e-03
6.24e+01    1.14e+00    1.02e-04
3.32e+01    9.25e+00    3.56e-03
6.45e+00    8.77e+00    6.23e-04
3.12e+01    2.59e+00    2.62e-04
3.26e+01    6.60e+00    1.78e-03
7.30e+01    8.17e+00    6.11e-03
6.38e+01    5.56e+00    2.47e-03
8.87e+01    5.30e+00    3.13e-03
4.73e+01    2.43e+00    3.50e-04
1.21e+01    9.40e-01    1.34e-05
7.13e+01    8.97e+00    7.20e-03
7.61e+01    9.01e+00    7.75e-03
5.62e+01    6.33e+00    2.82e-03
7.71e+01    3.40e+00    1.12e-03
4.94e+01    3.50e+00    7.60e-04
5.23e+01    7.26e+00    3.46e-03
4.28e+01    8.97e+00    4.32e-03
2.64e+00    8.87e+00    2.61e-04
1.09e+01    7.80e+00    8.31e-04
8.854e-2 8.854e-12 c^2/m^3*kg
300000000 300000000 m/s
4 4*
3.141592653589793 3.141592653589793*