HAS_UNITS
UNITS c m n 
4 100 2
c*m
m
m
m
n/c
HAS_SOLUTION 
3.75e-10        -9.40e-01        2.80e-01        -9.00e-01        -2.14e+00
9.51e-10        2.70e-01        -8.30e-01        6.00e-02        1.12e+01
7.32e-10        -3.70e-01        -6.80e-01        8.00e-02        -1.75e+01
5.99e-10        2.00e-02        8.00e-01        2.70e-01        6.35e-01
1.57e-10        8.20e-01        2.10e-01        4.50e-01        2.13e+00
1.57e-10        -5.00e-01        -9.80e-01        9.50e-01        -4.45e-01
5.90e-11        -1.80e-01        -8.00e-01        3.00e-02        -6.16e-01
8.66e-10        5.10e-01        3.30e-01        -3.50e-01        3.38e+01
6.02e-10        -5.40e-01        -9.90e-01        5.90e-01        -3.03e+00
7.08e-10        -8.50e-01        -6.80e-01        -4.60e-01        -5.78e+00
2.20e-11        -4.20e-01        1.00e-01        -1.20e-01        -2.15e+00
9.70e-10        -6.80e-01        3.80e-01        -8.40e-01        -8.31e+00
8.33e-10        8.60e-01        3.00e-01        -9.50e-01        4.87e+00
2.13e-10        6.20e-01        -5.50e-01        9.30e-01        1.28e+00
1.83e-10        2.70e-01        4.20e-01        6.70e-01        2.59e+00
1.84e-10        7.40e-01        -5.30e-01        3.90e-01        2.54e+00
3.05e-10        6.10e-01        -3.50e-01        -1.80e-01        9.79e+00
5.25e-10        -6.30e-01        4.90e-01        -6.50e-01        -6.28e+00
4.33e-10        7.90e-01        3.00e-01        -6.90e-01        4.49e+00
2.92e-10        8.00e-02        7.00e-01        -5.00e-01        1.13e+00
6.12e-10        6.10e-01        3.20e-01        1.00e-01        2.07e+01
1.40e-10        7.90e-01        1.40e-01        4.30e-01        2.16e+00
2.93e-10        -3.60e-01        -8.10e-01        3.20e-01        -3.33e+00
3.67e-10        -7.80e-01        -2.60e-01        -4.40e-01        -5.59e+00
4.57e-10        -5.40e-01        -4.70e-01        9.10e-01        -3.28e+00
7.85e-10        -1.50e-01        -5.10e-01        4.80e-01        -1.18e+01
2.00e-10        6.40e-01        9.50e-01        1.10e-01        1.64e+00
5.15e-10        7.20e-01        -2.10e-01        2.20e-01        1.04e+01
5.93e-10        -9.90e-01        7.80e-01        -1.60e-01        -3.81e+00
4.70e-11        2.00e-02        2.60e-01        -5.00e-01        2.50e-01
6.08e-10        -1.70e-01        5.90e-01        -2.90e-01        -1.27e+01
1.71e-10        -5.60e-01        1.00e-02        5.20e-01        -5.15e+00
6.60e-11        -7.60e-01        1.50e-01        -9.70e-01        -4.50e-01
9.49e-10        -3.20e-01        -1.00e-02        -7.70e-01        -1.56e+01
9.66e-10        8.90e-01        -6.10e-01        -9.10e-01        4.53e+00
8.09e-10        -3.50e-01        4.40e-01        -9.20e-01        -5.34e+00
3.05e-10        4.00e-02        -4.40e-01        7.10e-01        6.72e-01
9.90e-11        4.10e-01        -9.50e-01        4.10e-01        6.63e-01
6.85e-10        -2.70e-01        2.90e-01        -5.00e-02        -1.44e+02
4.41e-10        9.40e-01        -6.50e-01        -8.00e-01        2.18e+00
1.23e-10        9.20e-01        8.80e-01        -2.00e-02        8.03e-01
4.96e-10        -5.00e-01        9.10e-01        -5.00e-02        -5.02e+00
3.50e-11        -1.00e-02        8.30e-01        -6.50e-01        -7.64e-03
9.09e-10        -4.00e-01        -2.60e-01        -1.30e-01        -9.64e+01
2.60e-10        -4.30e-01        -9.70e-01        -2.00e-01        -2.03e+00
6.63e-10        -9.30e-01        8.60e-01        2.30e-01        -4.19e+00
3.12e-10        2.20e-01        -1.40e-01        2.70e-01        7.55e+01
5.21e-10        1.00e-02        9.30e-01        -9.10e-01        4.90e-02
5.47e-10        -9.00e-01        9.30e-01        -2.50e-01        -3.21e+00
1.86e-10        -4.40e-01        7.10e-01        2.50e-01        -3.30e+00
9.70e-10        8.20e-01        -4.10e-01        1.00e-02        1.36e+01
7.75e-10        -5.20e-01        -2.30e-01        7.10e-01        -1.30e+01
9.40e-10        -7.10e-01        7.00e-01        3.20e-01        -1.10e+01
8.95e-10        -2.00e-02        -3.70e-01        -6.70e-01        -1.40e+00
5.98e-10        9.70e-01        -6.60e-01        -8.60e-01        2.60e+00
9.22e-10        -5.20e-01        1.10e-01        2.80e-01        -4.97e+01
8.90e-11        3.40e-01        8.70e-01        -9.50e-01        2.50e-01
1.97e-10        5.20e-01        3.90e-01        1.70e-01        8.58e+00
4.60e-11        -5.20e-01        1.40e-01        8.80e-01        -4.92e-01
3.26e-10        4.60e-01        -8.10e-01        1.50e-01        4.45e+00
3.89e-10        -2.60e-01        2.30e-01        -2.20e-01        -7.40e+01
2.72e-10        2.60e-01        9.80e-01        2.90e-01        1.49e+00
8.29e-10        2.70e-01        -7.20e-01        -8.00e-02        1.58e+01
3.57e-10        7.00e-02        4.00e-02        9.00e-02        2.58e+03
2.82e-10        -8.20e-01        7.50e-01        8.80e-01        -1.26e+00
5.43e-10        6.70e-01        4.80e-01        -2.30e-01        1.14e+01
1.42e-10        -3.60e-01        3.90e-01        9.20e-01        -1.02e+00
8.02e-10        -6.30e-01        4.00e-01        8.10e-01        -7.59e+00
7.50e-11        -9.20e-01        -2.80e-01        -6.10e-01        -6.52e-01
9.87e-10        1.80e-01        -4.10e-01        -8.60e-01        5.33e+00
7.72e-10        3.60e-01        6.20e-01        -8.00e-01        5.30e+00
2.00e-10        -9.70e-01        6.20e-01        -9.60e-01        -7.90e-01
7.00e-12        2.00e-02        7.30e-01        -8.10e-01        2.67e-03
8.16e-10        -5.50e-01        8.30e-01        3.70e-01        -8.13e+00
7.07e-10        2.90e-01        2.00e-02        -8.60e-01        7.71e+00
7.29e-10        -6.50e-01        9.12e-02        -3.60e-01        -2.02e+01
7.71e-10        3.80e-01        6.00e-01        6.90e-01        7.59e+00
7.50e-11        -2.30e-01        3.00e-01        -9.50e-01        -4.15e-01
3.59e-10        8.70e-01        4.00e-01        6.30e-01        3.18e+00
1.17e-10        -7.20e-01        5.90e-01        -4.40e-01        -1.44e+00
8.63e-10        -3.20e-01        7.80e-01        -7.60e-01        -4.30e+00
6.24e-10        -7.70e-01        -3.20e-01        3.90e-01        -9.89e+00
3.32e-10        8.50e-01        -2.50e-01        2.60e-01        4.09e+00
6.40e-11        7.50e-01        -8.10e-01        7.50e-01        3.37e-01
3.12e-10        -4.80e-01        1.60e-01        4.70e-01        -1.28e+01
3.26e-10        3.20e-01        -9.30e-01        6.10e-01        1.51e+00
7.30e-10        6.30e-01        -7.00e-02        -4.40e-01        2.02e+01
6.38e-10        1.10e-01        9.00e-02        -6.50e-01        9.52e+00
8.87e-10        6.00e-02        -4.30e-01        5.00e-01        7.43e+00
4.73e-10        -5.20e-01        1.80e-01        6.10e-01        -1.13e+01
1.20e-10        -8.10e-01        -9.40e-01        9.80e-01        -3.60e-01
7.14e-10        7.90e-01        -9.30e-01        -1.70e-01        5.07e+00
7.61e-10        8.00e-01        6.50e-01        -2.60e-01        8.46e+00
5.62e-10        2.70e-01        -2.80e-01        5.50e-01        1.82e+01
7.71e-10        -3.20e-01        -7.50e-01        -3.20e-01        -1.05e+01
4.94e-10        -3.00e-01        4.00e-02        8.60e-01        -5.46e+00
5.23e-10        4.50e-01        5.40e-01        7.20e-01        5.54e+00
4.28e-10        7.90e-01        -5.70e-01        -1.40e-01        5.80e+00
2.60e-11        7.70e-01        2.50e-01        5.00e-01        3.87e-01
1.09e-10        5.60e-01        -8.30e-01        5.10e-01        8.95e-01
3.141592654 3.141592654 *
8.854e-12 8.854e-12 c^2*n^-1*m^-2