HAS_UNITS
UNITS n c m
1 100 1
n/c
n/m^2
HAS_SOLUTION
3.81e+03    6.42e-05
9.51e+03    4.01e-04
7.35e+03    2.39e-04
6.03e+03    1.61e-04
1.64e+03    1.20e-05
1.64e+03    1.20e-05
6.75e+02    2.02e-06
8.68e+03    3.33e-04
6.05e+03    1.62e-04
7.11e+03    2.24e-04
3.04e+02    4.09e-07
9.70e+03    4.17e-04
8.34e+03    3.08e-04
2.20e+03    2.15e-05
1.90e+03    1.60e-05
1.92e+03    1.62e-05
3.11e+03    4.29e-05
5.30e+03    1.24e-04
4.38e+03    8.48e-05
2.98e+03    3.94e-05
6.16e+03    1.68e-04
1.48e+03    9.71e-06
2.99e+03    3.96e-05
3.73e+03    6.15e-05
4.62e+03    9.43e-05
7.87e+03    2.74e-04
2.08e+03    1.91e-05
5.19e+03    1.19e-04
5.96e+03    1.58e-04
5.60e+02    1.39e-06
6.11e+03    1.66e-04
1.79e+03    1.42e-05
7.44e+02    2.45e-06
9.49e+03    3.99e-04
9.66e+03    4.13e-04
8.10e+03    2.91e-04
3.12e+03    4.30e-05
1.07e+03    5.04e-06
6.87e+03    2.09e-04
4.46e+03    8.80e-05
1.31e+03    7.58e-06
5.00e+03    1.11e-04
4.40e+02    8.59e-07
9.10e+03    3.67e-04
2.66e+03    3.14e-05
6.66e+03    1.96e-04
3.19e+03    4.49e-05
5.25e+03    1.22e-04
5.51e+03    1.35e-04
1.93e+03    1.65e-05
9.70e+03    4.16e-04
7.77e+03    2.68e-04
9.40e+03    3.91e-04
8.96e+03    3.55e-04
6.02e+03    1.60e-04
9.23e+03    3.77e-04
9.76e+02    4.22e-06
2.04e+03    1.84e-05
5.48e+02    1.33e-06
3.32e+03    4.88e-05
3.95e+03    6.90e-05
2.79e+03    3.44e-05
8.30e+03    3.05e-04
3.63e+03    5.84e-05
2.88e+03    3.68e-05
5.47e+03    1.33e-04
1.50e+03    9.90e-06
8.04e+03    2.86e-04
8.38e+02    3.11e-06
9.87e+03    4.31e-04
7.75e+03    2.66e-04
2.07e+03    1.89e-05
1.55e+02    1.06e-07
8.17e+03    2.96e-04
7.10e+03    2.23e-04
7.32e+03    2.37e-04
7.74e+03    2.65e-04
8.33e+02    3.07e-06
3.65e+03    5.89e-05
1.25e+03    6.89e-06
8.64e+03    3.31e-04
6.27e+03    1.74e-04
3.38e+03    5.05e-05
7.29e+02    2.35e-06
3.18e+03    4.47e-05
3.32e+03    4.88e-05
7.32e+03    2.37e-04
6.41e+03    1.82e-04
8.88e+03    3.49e-04
4.77e+03    1.01e-04
1.28e+03    7.30e-06
7.16e+03    2.27e-04
7.63e+03    2.58e-04
5.66e+03    1.42e-04
7.73e+03    2.65e-04
4.99e+03    1.10e-04
5.28e+03    1.23e-04
4.33e+03    8.31e-05
3.52e+02    5.47e-07
1.17e+03    6.04e-06
8.854e-2    8.854e-12   c^2/n*m^2