HAS_UNITS
UNITS 
1 100 2
1
1
HAS_SOLUTION c0 c1 * r c0 v0 a c1 c1 - - / e /
-1	0.241970725
-0.98	0.246809491
-0.96	0.251644341
-0.94	0.256471294
-0.92	0.261286301
-0.9	0.26608525
-0.88	0.270863972
-0.86	0.275618247
-0.84	0.280343811
-0.82	0.285036358
-0.8	0.289691553
-0.78	0.29430503
-0.76	0.298872406
-0.74	0.303389284
-0.72	0.30785126
-0.7	0.312253933
-0.68	0.316592908
-0.66	0.320863804
-0.64	0.325062264
-0.62	0.329183961
-0.6	0.333224603
-0.58	0.337179944
-0.56	0.341045789
-0.54	0.344818001
-0.52	0.348492513
-0.5	0.352065327
-0.48	0.355532529
-0.46	0.358890291
-0.44	0.362134882
-0.42	0.365262673
-0.4	0.36827014
-0.38	0.371153879
-0.36	0.373910605
-0.34	0.376537162
-0.32	0.379030526
-0.3	0.381387815
-0.28	0.383606292
-0.26	0.385683369
-0.24	0.387616615
-0.22	0.389403759
-0.2	0.391042694
-0.18	0.392531483
-0.16	0.393868362
-0.14	0.395051741
-0.12	0.396080212
-0.1	0.396952547
-0.08	0.397667706
-0.06	0.39822483
-0.04	0.398623254
-0.02	0.3988625
0.00	0.39894228
0.02	0.3988625
0.04	0.398623254
0.06	0.39822483
0.08	0.397667706
0.10	0.396952547
0.12	0.396080212
0.14	0.395051741
0.16	0.393868362
0.18	0.392531483
0.20	0.391042694
0.22	0.389403759
0.24	0.387616615
0.26	0.385683369
0.28	0.383606292
0.30	0.381387815
0.32	0.379030526
0.34	0.376537162
0.36	0.373910605
0.38	0.371153879
0.40	0.36827014
0.42	0.365262673
0.44	0.362134882
0.46	0.358890291
0.48	0.355532529
0.50	0.352065327
0.52	0.348492513
0.54	0.344818001
0.56	0.341045789
0.58	0.337179944
0.60	0.333224603
0.62	0.329183961
0.64	0.325062264
0.66	0.320863804
0.68	0.316592908
0.70	0.312253933
0.72	0.30785126
0.74	0.303389284
0.76	0.298872406
0.78	0.29430503
0.80	0.289691553
0.82	0.285036358
0.84	0.280343811
0.86	0.275618247
0.88	0.270863972
0.90	0.26608525
0.92	0.261286301
0.94	0.256471294
0.96	0.251644341
0.98	0.246809491
2 2 *
3.1415926535 3.1415926535 *