HAS_UNITS
UNITS kg m s
4 100 2
kg
m/s
m/s
m/s
kg * m^2/s^2
HAS_SOLUTION 
37.52    -9.37    2.84    -8.97    3.31e+03
95.08    2.73    -8.32    0.63    3.66e+03
73.23    -3.71    -6.77    0.81    2.21e+03
59.91    0.17    7.97    2.75    2.13e+03
15.69    8.15    2.13    4.52    7.17e+02
15.68    -5.01    -9.82    9.52    1.66e+03
5.9    -1.79    -7.97    0.33    1.97e+02
86.63    5.11    3.27    -3.54    2.14e+03
60.15    -5.42    -9.9    5.9    4.88e+03
70.84    -8.46    -6.78    -4.58    4.91e+03
2.16    -4.2    0.97    -1.22    21.67
96.99    -6.78    3.84    -8.43    6.39e+03
83.26    8.59    3.04    -9.49    7.21e+03
21.31    6.16    -5.51    9.25    1.64e+03
18.26    2.67    4.24    6.72    6.42e+02
18.42    7.43    -5.26    3.92    9.05e+02
30.49    6.07    -3.49    -1.82    7.98e+02
52.52    -6.27    4.93    -6.53    2.79e+03
43.25    7.85    2.99    -6.87    2.55e+03
29.19    0.79    6.98    -5.0    1.09e+03
61.22    6.15    3.15    0.98    1.49e+03
14.04    7.92    1.37    4.29    5.83e+02
29.29    -3.64    -8.13    3.2    1.31e+03
36.7    -7.8    -2.65    -4.4    1.60e+03
45.66    -5.44    -4.7    9.1    3.07e+03
78.54    -1.46    -5.12    4.76    2.00e+03
20.05    6.36    9.46    1.09    1.31e+03
51.47    7.21    -2.14    2.23    1.58e+03
59.28    -9.86    7.84    -1.61    4.78e+03
4.74    0.21    2.62    -5.05    76.81
60.79    -1.65    5.9    -2.88    1.39e+03
17.14    -5.56    0.05    5.16    4.93e+02
6.6    -7.6    1.54    -9.71    5.10e+02
94.89    -3.25    -0.15    -7.68    3.30e+03
96.57    8.86    -6.1    -9.08    9.57e+03
80.86    -3.54    4.45    -9.19    4.72e+03
30.53    0.38    -4.38    7.11    1.07e+03
9.86    4.06    -9.51    4.07    6.09e+02
68.45    -2.73    2.91    -0.52    5.54e+02
44.07    9.44    -6.46    -8.04    4.31e+03
12.29    9.25    8.81    -0.17    1.00e+03
49.57    -4.96    9.08    -0.53    2.66e+03
3.54    -0.06    8.3    -6.54    1.98e+02
90.94    -3.98    -2.6    -1.32    1.11e+03
25.95    -4.3    -9.69    -2.03    1.51e+03
66.29    -9.26    8.57    2.32    5.45e+03
31.24    2.19    -1.44    2.7    2.21e+02
52.05    0.05    9.33    -9.09    4.42e+03
54.72    -8.97    9.27    -2.51    4.72e+03
18.57    -4.43    7.06    2.52    7.04e+02
96.96    8.17    -4.11    0.06    4.06e+03
77.54    -5.21    -2.3    7.13    3.23e+03
93.96    -7.1    7.02    3.17    5.16e+03
89.49    -0.21    -3.66    -6.74    2.63e+03
59.83    9.71    -6.61    -8.59    6.33e+03
92.2    -5.16    1.14    2.85    1.66e+03
8.94    3.44    8.72    -9.47    7.94e+02
19.68    5.23    3.92    1.72    4.49e+02
4.62    -5.25    1.4    8.8    2.47e+02
32.6    4.56    -8.06    1.51    1.44e+03
38.93    -2.64    2.3    -2.24    3.36e+02
27.21    2.65    9.8    2.87    1.51e+03
82.89    2.67    -7.2    -0.83    2.47e+03
35.74    0.72    0.37    0.91    26.51
28.17    -8.19    7.55    8.83    2.85e+03
54.32    6.71    4.82    -2.28    2.00e+03
14.18    -3.58    3.94    9.22    8.04e+02
80.24    -6.27    4.05    8.11    4.87e+03
7.55    -9.18    -2.81    -6.08    4.87e+02
98.69    1.82    -4.13    -8.61    4.66e+03
77.25    3.55    6.19    -7.98    4.43e+03
19.95    -9.67    6.2    -9.64    2.24e+03
0.65    0.24    7.34    -8.11    38.90
81.56    -5.47    8.26    3.66    4.55e+03
70.72    2.9    0.23    -8.58    2.90e+03
72.93    -6.51    0.03    -3.62    2.02e+03
77.15    3.82    5.97    6.9    3.77e+03
7.5    -2.27    3.0    -9.53    3.94e+02
35.91    8.73    4.04    6.29    2.37e+03
11.68    -7.25    5.92    -4.36    6.23e+02
86.32    -3.18    7.8    -7.64    5.58e+03
62.37    -7.73    -3.24    3.93    2.67e+03
33.16    8.49    -2.49    2.58    1.41e+03
6.45    7.55    -8.12    7.55    5.80e+02
31.17    -4.84    1.57    4.7    7.48e+02
32.59    3.2    -9.28    6.07    2.17e+03
72.99    6.34    -0.69    -4.36    2.18e+03
63.79    1.1    0.85    -6.45    1.39e+03
88.73    0.59    -4.27    5.01    1.94e+03
47.27    -5.16    1.82    6.14    1.60e+03
12.05    -8.14    -9.39    9.81    1.51e+03
71.35    7.94    -9.25    -1.75    5.41e+03
76.1    8.01    6.45    -2.56    4.27e+03
56.17    2.66    -2.8    5.53    1.28e+03
77.12    -3.22    -7.46    -3.18    2.94e+03
49.43    -3.02    0.44    8.62    2.07e+03
52.32    4.52    5.4    7.17    2.64e+03
42.81    7.94    -5.68    -1.42    2.08e+03
2.64    7.74    2.46    5.02    1.20e+02
10.88    5.6    -8.29    5.09    6.85e+02
2 2 *
1 1 *