HAS_UNITS
UNITS t km s
4 100 3
t
t
km
km
t * km^2 * s^-2
HAS_SOLUTION 
8.238e+14    9.558e+14    5.347e+01    2.383e+01    1.223e+09
5.142e+14    6.374e+14    8.919e+01    4.883e+01    2.028e+08
6.703e+14    2.304e+14    8.484e+01    3.340e+01    1.871e+08
7.999e+14    6.620e+14    6.276e+01    7.254e+01    -7.595e+07
9.876e+14    7.592e+14    8.490e+01    8.772e+00    5.115e+09
1.554e+14    8.055e+14    6.108e+01    1.557e+01    3.997e+08
3.632e+14    5.776e+14    8.282e+00    8.898e+01    -1.533e+09
6.880e+14    5.076e+14    4.799e+01    6.239e+01    -1.121e+08
1.960e+14    8.910e+14    2.515e+01    9.307e+01    -3.383e+08
2.917e+14    2.177e+14    8.443e+01    8.048e+01    2.461e+06
7.867e+14    5.382e+14    7.598e+01    6.018e+01    9.761e+07
3.719e+14    4.678e+14    4.503e+01    6.075e+01    -6.673e+07
6.211e+14    5.281e+14    2.205e+01    7.619e+01    -7.057e+08
9.943e+14    9.750e+14    8.363e+01    3.398e+01    1.130e+09
8.250e+14    9.162e+13    7.255e+01    2.633e+01    1.220e+08
4.368e+14    2.020e+14    8.823e+01    4.171e+01    7.443e+07
3.125e+14    5.984e+14    1.456e+01    6.336e+01    -6.602e+08
6.175e+14    1.110e+14    7.223e+01    3.227e+01    7.841e+07
6.670e+14    2.129e+14    7.758e+01    5.833e+01    4.032e+07
8.621e+13    8.448e+14    6.196e+01    2.608e+01    1.079e+08
4.760e+14    3.684e+14    5.548e+01    3.943e+01    8.585e+07
6.018e+14    8.456e+13    8.558e+01    5.043e+01    2.766e+07
2.035e+14    4.929e+14    4.528e+01    3.027e+01    7.325e+07
2.905e+14    2.230e+14    5.441e+01    2.890e+01    7.014e+07
1.932e+14    2.171e+14    5.999e+01    4.654e+01    1.348e+07
8.997e+14    5.586e+14    3.285e+01    1.145e+01    1.907e+09
5.448e+14    9.916e+14    2.764e+01    3.785e+01    -3.519e+08
7.513e+14    3.878e+14    3.346e+00    1.175e+01    -4.157e+09
8.833e+14    6.409e+14    5.950e+01    1.038e+01    3.005e+09
1.237e+14    6.799e+14    2.656e+01    2.494e+01    1.368e+07
9.418e+14    5.863e+14    5.072e+01    7.062e+01    -2.047e+08
7.699e+14    2.619e+14    7.675e+01    1.571e+01    6.811e+08
9.455e+14    7.599e+14    8.315e+01    8.526e+01    -1.431e+07
9.587e+14    6.300e+14    2.269e+01    4.395e+01    -8.597e+08
9.971e+13    8.380e+14    6.492e+01    8.744e+01    -2.213e+07
5.627e+14    2.174e+14    4.361e+01    6.917e+01    -6.918e+07
9.247e+14    1.249e+14    9.914e+01    6.616e+01    3.874e+07
5.958e+14    1.310e+14    7.663e+01    7.729e+01    -5.827e+05
5.824e+14    5.274e+14    9.604e+01    8.660e+01    2.326e+07
1.991e+13    3.618e+14    1.021e+00    9.274e+01    -4.658e+08
7.995e+14    7.433e+14    9.137e+01    1.235e+01    2.778e+09
6.992e+14    5.818e+14    4.080e+01    4.955e+01    -1.175e+08
7.030e+13    3.588e+14    4.805e+01    6.485e+01    -9.073e+06
9.050e+14    2.667e+14    3.063e+01    1.312e+01    7.018e+08
3.840e+14    8.322e+14    6.837e+01    8.943e+00    2.073e+09
1.094e+14    5.782e+14    6.115e+01    1.354e+01    2.427e+08
8.866e+14    5.210e+14    3.109e+01    6.942e+01    -5.474e+08
8.635e+14    9.897e+14    1.936e+01    2.638e+01    -7.843e+08
4.866e+14    7.856e+14    8.755e+01    6.806e+01    8.341e+07
2.754e+14    2.460e+13    6.219e+01    7.262e+01    -1.044e+06
4.754e+14    6.882e+14    2.087e+00    9.463e+01    -1.023e+10
3.892e+14    1.416e+14    9.296e+01    5.862e+01    2.317e+07
1.729e+14    3.602e+14    2.933e+01    6.916e+01    -8.163e+07
5.400e+14    1.500e+14    3.043e+01    5.031e+01    -7.021e+07
5.925e+14    5.817e+14    5.734e+01    8.494e+01    -1.303e+08
9.591e+14    3.533e+13    4.426e+01    5.851e+01    -1.245e+07
6.406e+14    1.310e+13    6.433e+01    3.045e+01    9.688e+06
7.280e+14    2.919e+14    8.687e+00    7.804e+00    1.847e+08
2.468e+14    3.690e+14    1.605e+01    8.902e+01    -3.103e+08
8.682e+14    8.689e+12    5.161e+00    3.441e+01    -8.292e+07
1.742e+13    5.134e+14    3.025e+01    3.801e+01    -4.031e+06
5.560e+14    3.750e+14    4.156e+01    9.647e+01    -1.906e+08
5.104e+14    5.732e+14    5.677e+01    6.833e+01    -5.820e+07
9.245e+14    8.560e+14    1.080e+01    6.315e+01    -4.054e+09
4.390e+14    3.218e+14    3.925e+01    1.731e+01    3.045e+08
1.319e+14    1.600e+14    9.911e+01    3.172e+01    3.019e+07
8.975e+14    5.042e+14    3.241e+01    6.150e+01    -4.409e+08
2.357e+14    1.643e+13    9.378e+01    7.504e+01    6.883e+05
7.587e+14    7.502e+14    2.969e+01    1.354e+01    1.526e+09
1.603e+13    6.123e+14    6.272e+01    8.114e+01    -2.372e+06
5.318e+14    3.323e+14    9.574e+01    6.688e+01    5.315e+07
5.827e+14    7.491e+14    8.438e+01    7.323e+01    5.257e+07
1.567e+14    9.557e+14    5.379e+01    8.913e+00    9.357e+08
3.053e+14    2.260e+14    2.203e+00    5.210e+01    -2.002e+09
3.922e+14    6.579e+14    9.634e+01    6.046e+01    1.061e+08
4.337e+14    7.174e+14    2.894e+01    9.177e+01    -4.912e+08
1.457e+14    6.165e+14    3.564e+01    8.702e+01    -9.931e+07
3.664e+14    6.547e+14    3.925e+01    5.658e+01    -1.249e+08
5.569e+14    1.988e+14    8.935e+00    6.168e+01    -7.073e+08
3.621e+14    1.002e+14    3.817e+01    8.771e+01    -3.582e+07
6.121e+14    8.895e+14    2.370e+01    8.869e+01    -1.124e+09
5.958e+14    7.986e+14    9.730e+01    2.905e+01    7.670e+08
3.024e+14    1.153e+14    3.238e+01    5.561e+01    -3.003e+07
1.474e+14    2.308e+14    2.273e+01    5.287e+01    -5.694e+07
3.759e+14    3.406e+14    1.671e+01    9.039e+01    -4.167e+08
2.320e+14    5.798e+14    4.959e+01    7.246e+01    -5.711e+07
1.805e+14    5.989e+14    2.894e+01    6.053e+01    -1.301e+08
2.743e+14    3.661e+14    5.531e+01    8.878e+01    -4.567e+07
9.266e+14    8.687e+14    7.455e+01    2.327e+00    2.236e+10
7.098e+14    7.958e+14    2.168e+01    8.108e+01    -1.274e+09
3.205e+14    3.852e+14    4.350e+01    5.258e+01    -3.274e+07
6.682e+14    6.910e+14    2.141e+01    4.583e+01    -7.672e+08
4.796e+14    8.514e+13    5.331e+01    8.382e+01    -1.860e+07
9.184e+14    6.367e+14    1.072e+01    7.565e+01    -3.123e+09
7.346e+14    7.743e+14    2.359e+01    7.146e+01    -1.078e+09
3.154e+14    7.243e+14    2.358e+01    6.740e+01    -4.203e+08
6.712e+14    8.576e+14    9.943e+01    2.924e+01    9.275e+08
6.915e+14    6.916e+14    9.823e+01    5.559e+01    2.492e+08
2.678e+14    9.478e+14    9.232e+01    7.242e+01    5.041e+07
4.768e+14    7.066e+14    2.260e+01    7.044e+01    -6.757e+08
6.674 6.674 km^3 * t^-1 * s^-2
10000000000 10000000000*
1 1*