HAS_UNITS
UNITS kg m s
2 100 1
kg
m
kg * m^2 / s^2
HAS_SOLUTION 
37.52    3.14    1.16e+03
95.08    63.64    5.94e+04
73.23    31.44    2.26e+04
59.91    50.86    2.99e+04
15.69    90.76    1.40e+04
15.68    24.93    3.83e+03
5.9    41.04    2.38e+03
86.63    75.56    6.42e+04
60.15    22.88    1.35e+04
70.84    7.7    5.35e+03
2.16    28.98    6.14e+02
96.99    16.12    1.53e+04
83.26    92.97    7.59e+04
21.31    80.81    1.69e+04
18.26    63.34    1.13e+04
18.42    87.15    1.57e+04
30.49    80.37    2.40e+04
52.52    18.66    9.61e+03
43.25    89.26    3.79e+04
29.19    53.93    1.54e+04
61.22    80.74    4.85e+04
14.04    89.61    1.23e+04
29.29    31.8    9.14e+03
36.7    11.01    3.96e+03
45.66    22.79    1.02e+04
78.54    42.71    3.29e+04
20.05    81.8    1.61e+04
51.47    86.07    4.35e+04
59.28    0.7    4.07e+02
4.74    51.07    2.37e+03
60.79    41.74    2.49e+04
17.14    22.21    3.73e+03
6.6    11.99    7.76e+02
94.89    33.76    3.14e+04
96.57    94.29    8.93e+04
80.86    32.32    2.56e+04
30.53    51.88    1.55e+04
9.86    70.3    6.80e+03
68.45    36.36    2.44e+04
44.07    97.18    4.20e+04
12.29    96.24    1.16e+04
49.57    25.18    1.22e+04
3.54    49.72    1.73e+03
90.94    30.09    2.68e+04
25.95    28.48    7.25e+03
66.29    3.69    2.40e+03
31.24    60.96    1.87e+04
52.05    50.27    2.57e+04
54.72    5.15    2.76e+03
18.57    27.86    5.08e+03
96.96    90.83    8.64e+04
77.54    23.96    1.82e+04
93.96    14.49    1.34e+04
89.49    48.95    4.30e+04
59.83    98.57    5.79e+04
92.2    24.21    2.19e+04
8.94    67.21    5.89e+03
19.68    76.16    1.47e+04
4.62    23.76    1.08e+03
32.6    72.82    2.33e+04
38.93    36.78    1.40e+04
27.21    63.23    1.69e+04
82.89    63.35    5.15e+04
35.74    53.58    1.88e+04
28.17    9.03    2.50e+03
54.32    83.53    4.45e+04
14.18    32.08    4.46e+03
80.24    18.65    1.47e+04
7.55    4.08    3.02e+02
98.69    59.09    5.72e+04
77.25    67.76    5.14e+04
19.95    1.66    3.25e+02
0.65    51.21    3.27e+02
81.56    22.65    1.81e+04
70.72    64.52    4.48e+04
72.93    17.44    1.25e+04
77.15    69.09    5.23e+04
7.5    38.67    2.85e+03
35.91    93.67    3.30e+04
11.68    13.75    1.58e+03
86.32    34.11    2.89e+04
62.37    11.35    6.94e+03
33.16    92.47    3.01e+04
6.45    87.73    5.55e+03
31.17    25.79    7.89e+03
32.59    66.0    2.11e+04
72.99    81.72    5.85e+04
63.79    55.52    3.47e+04
88.73    52.97    4.61e+04
47.27    24.19    1.12e+04
12.05    9.31    1.10e+03
71.35    89.72    6.28e+04
76.1    90.04    6.72e+04
56.17    63.31    3.49e+04
77.12    33.9    2.56e+04
49.43    34.92    1.69e+04
52.32    72.6    3.73e+04
42.81    89.71    3.77e+04
2.64    88.71    2.30e+03
10.88    77.99    8.32e+03
9.81 9.81 m / s^2