HAS_UNITS
UNITS kg m s
4 100 2
kg
s^-1
s^-1
m
kg * m^2 * s^-2
HAS_SOLUTION 
18.79    4.11    64.56    0.61    7.31e+03
47.54    64.0    9.33    5.36    1.43e+06
36.63    32.12    17.0    5.45    3.59e+05
29.97    51.35    89.96    6.41    3.30e+06
7.89    90.85    61.04    7.29    1.26e+06
7.88    25.68    1.91    9.76    1.24e+05
3.0    41.63    11.05    5.21    3.78e+04
43.32    75.8    66.69    3.3    1.20e+06
30.1    23.65    1.5    7.97    2.68e+05
35.43    8.62    16.92    2.78    2.47e+04
1.13    29.69    55.32    4.45    2.21e+04
48.5    16.96    69.5    0.88    4.81e+04
41.64    93.04    65.54    0.35    1.65e+04
10.7    81.0    23.2    9.63    1.76e+06
9.17    63.71    71.51    8.38    1.48e+06
9.25    87.27    24.49    6.99    9.28e+05
15.28    80.56    33.21    4.15    5.00e+05
26.29    19.47    74.9    1.82    1.30e+05
21.65    89.36    65.31    1.65    1.81e+05
14.63    54.39    85.07    2.58    2.48e+05
30.63    80.94    66.1    5.54    2.57e+06
7.06    89.71    57.26    7.17    1.03e+06
14.68    32.48    10.27    6.64    1.88e+05
18.38    11.9    37.4    2.87    5.83e+04
22.86    23.57    27.26    9.55    6.77e+05
39.28    43.28    25.15    7.41    1.35e+06
10.06    81.98    97.33    5.59    1.27e+06
25.76    86.21    39.92    6.16    2.21e+06
29.66    1.69    89.31    4.25    1.07e+06
2.42    51.56    63.48    2.55    2.63e+04
30.42    42.32    79.69    3.62    8.11e+05
8.61    22.99    50.76    7.6    3.86e+05
3.35    12.87    58.11    0.24    1.71e+02
47.45    34.42    49.76    1.25    6.79e+04
48.29    94.35    20.33    0.56    3.53e+04
40.44    33.0    72.52    0.5    1.60e+04
15.3    52.36    28.8    8.57    1.00e+06
4.97    70.6    3.41    7.07    3.10e+05
34.24    37.0    64.9    4.79    1.10e+06
22.06    97.21    18.53    1.07    6.18e+04
6.19    96.28    94.11    4.97    6.93e+05
24.81    25.93    95.44    4.79    1.39e+06
1.82    50.23    91.57    1.81    1.63e+04
45.48    30.79    37.65    4.4    5.21e+05
13.01    29.2    2.53    4.05    4.58e+04
33.16    4.65    92.9    6.2    2.76e+06
15.65    61.35    43.39    6.39    9.02e+05
26.05    50.77    96.7    0.55    2.35e+04
27.38    6.1    96.4    3.81    9.27e+05
9.32    28.59    85.45    6.3    7.51e+05
48.48    90.92    30.15    5.08    2.87e+06
38.78    24.72    39.12    8.58    1.53e+06
46.98    15.34    85.26    6.62    3.86e+06
44.75    49.46    32.38    1.71    1.14e+05
29.94    98.58    17.78    0.8    4.81e+04
46.1    24.96    56.12    6.46    1.81e+06
4.52    67.54    93.68    0.36    1.95e+03
9.88    76.4    69.91    5.9    9.22e+05
2.36    24.53    57.44    9.41    2.04e+05
16.33    73.09    10.62    5.8    7.49e+05
19.49    37.41    61.89    3.94    3.96e+05
13.64    63.6    99.02    6.47    1.98e+06
41.45    63.72    14.87    4.64    9.55e+05
17.9    54.04    52.31    5.5    7.66e+05
14.12    9.94    87.86    9.42    2.45e+06
27.18    83.69    74.34    3.92    1.31e+06
7.13    32.76    70.0    9.62    9.85e+05
40.13    19.47    70.55    9.06    4.41e+06
3.82    5.04    36.59    2.04    5.42e+03
49.35    59.5    30.07    0.79    3.42e+04
38.64    68.08    81.13    1.1    1.31e+05
10.02    2.64    81.2    0.28    1.30e+03
0.38    51.7    86.84    1.03    1.03e+03
40.79    23.42    91.41    6.86    4.27e+06
35.37    64.87    51.62    0.8    3.89e+04
36.48    18.26    50.65    3.26    2.81e+05
38.59    69.4    80.03    8.46    7.75e+06
3.79    39.29    65.35    0.33    6.00e+02
17.99    93.74    70.49    8.16    4.12e+06
5.88    14.61    79.78    2.89    8.08e+04
43.17    34.77    89.11    1.27    1.59e+05
31.2    12.23    34.46    7.0    5.11e+05
16.61    92.54    38.18    6.33    1.67e+06
3.27    87.86    10.3    8.79    4.94e+05
15.62    26.54    58.25    7.38    8.71e+05
16.33    66.34    4.56    8.05    1.17e+06
36.51    81.9    47.09    2.89    6.80e+05
31.91    55.96    54.72    1.86    1.69e+05
44.37    53.44    29.37    7.53    2.34e+06
23.66    24.94    59.49    8.09    1.61e+06
6.07    10.22    4.02    9.91    1.80e+04
35.69    89.82    4.7    4.18    1.26e+06
38.06    90.14    82.44    3.78    2.03e+06
28.11    63.68    36.66    7.79    2.30e+06
38.57    34.56    13.58    3.47    1.60e+05
24.74    35.57    52.7    9.31    2.17e+06
26.18    72.87    77.23    8.6    5.46e+06
21.43    89.81    22.37    4.35    8.68e+05
1.37    88.82    62.67    7.53    2.29e+05
5.48    78.21    9.45    7.57    4.87e+05
4 4 *
1 1 *