HAS_UNITS
UNITS n m
2 100 2
n / m
m
n * m
HAS_SOLUTION 
380.79    0.03    0.171
951.21    0.32    48.702
734.67    0.16    9.404
602.67    0.26    20.370
164.46    0.45    16.652
164.43    0.13    1.389
67.5    0.21    1.488
867.51    0.38    62.634
605.1    0.12    4.357
710.99    0.05    0.889
30.38    0.15    0.342
970.21    0.09    3.929
834.12    0.47    92.129
220.22    0.41    18.509
190.01    0.32    9.729
191.57    0.44    18.544
311.2    0.4    24.896
529.51    0.1    2.648
437.63    0.45    44.310
298.32    0.27    10.874
615.73    0.41    51.752
148.1    0.45    14.995
299.22    0.17    4.324
372.7    0.06    0.671
461.51    0.12    3.323
787.32    0.22    19.053
207.68    0.41    17.456
519.09    0.43    47.990
596.49    0.01    0.030
55.99    0.26    1.892
611.47    0.21    13.483
178.82    0.12    1.288
74.4    0.07    0.182
949.4    0.18    15.380
965.98    0.47    1.067e+02
810.31    0.17    11.709
311.57    0.26    10.531
106.7    0.35    6.535
687.39    0.19    12.407
445.75    0.49    53.512
130.82    0.48    15.070
500.23    0.13    4.227
44.04    0.25    1.376
910.23    0.16    11.651
266.19    0.15    2.995
665.9    0.03    0.300
318.59    0.31    15.308
524.87    0.26    17.741
551.24    0.04    0.441
193.01    0.15    2.171
969.89    0.46    1.026e+02
777.38    0.13    6.569
940.1    0.08    3.008
895.88    0.25    27.996
601.92    0.49    72.260
922.66    0.13    7.796
97.61    0.34    5.642
204.02    0.38    14.730
54.78    0.13    0.463
332.08    0.37    22.731
394.79    0.19    7.126
278.64    0.32    14.266
830.45    0.32    42.519
363.19    0.27    13.238
288.13    0.05    0.360
547.27    0.42    48.269
149.51    0.17    2.160
804.18    0.1    4.021
83.81    0.03    0.038
987.02    0.3    44.416
774.52    0.34    44.767
206.73    0.02    0.041
15.47    0.26    0.523
817.31    0.12    5.885
709.79    0.33    38.648
731.72    0.1    3.659
773.56    0.35    47.381
83.3    0.2    1.666
364.88    0.47    40.301
124.71    0.08    0.399
864.47    0.18    14.004
627.07    0.07    1.536
337.59    0.46    35.717
72.92    0.44    7.059
317.87    0.14    3.115
331.93    0.33    18.074
732.31    0.41    61.551
641.18    0.28    25.134
888.34    0.27    32.380
477.49    0.13    4.035
128.4    0.06    0.231
716.11    0.45    72.506
763.18    0.45    77.272
565.66    0.32    28.962
773.26    0.18    12.527
498.86    0.18    8.082
527.51    0.37    36.108
433.27    0.45    43.869
35.16    0.44    3.403
116.81    0.39    8.883
1 1 *
2 2 *