HAS_UNITS
UNITS km N t
6 100 4
km
km
km
km
km
km
N
HAS_SOLUTION v0 v1 - a v2 v3 - a v4 v5 - a + + c0 c1 c2 * * c3 c3 c3 * * * /
-1179.32    -4404.57    1335.1    358532.4    -7937.52    3963.23    2.26e+17
4236.71    1282.26    -3909.08    382036.38    8051.06    721.93    2.05e+17
2180.74    -1745.05    -3180.69    382491.12    105.05    -3809.45    2.02e+17
927.39    80.56    3746.41    387234.07    6529.15    6275.9    1.96e+17
-3233.42    3831.12    1000.43    391578.48    -3599.01    3694.62    1.88e+17
-3233.65    -2356.65    -4613.55    403816.75    7910.46    -6747.66    1.77e+17
-4154.01    -842.4    -3746.17    381298.72    -2215.97    8218.54    1.97e+17
3442.06    2402.18    1536.92    371824.87    -9783.25    6450.74    2.16e+17
950.48    -2549.3    -4652.42    394964.12    8107.64    8996.0    1.88e+17
1955.88    -3976.39    -3188.4    369270.78    -8174.27    4514.39    2.17e+17
-4506.51    -1976.34    458.1    377509.6    -3613.73    2268.3    2.01e+17
4417.15    -3184.52    1803.81    359844.36    9001.24    -1635.14    2.32e+17
3124.96    4039.16    1428.44    357242.19    9012.14    8654.57    2.33e+17
-2704.01    2896.33    -2591.87    403169.77    1468.76    7321.28    1.78e+17
-2990.85    1254.0    1994.48    396963.03    2636.74    -9095.63    1.83e+17
-2976.0    3491.73    -2469.86    390102.74    -1031.09    -9472.66    1.89e+17
-1840.12    2854.52    -1641.24    376038.69    -4135.78    -2470.73    2.05e+17
232.71    -2946.24    2317.02    364491.42    -3426.71    6211.07    2.21e+17
-639.72    3690.05    1406.55    363665.42    3450.37    9745.52    2.21e+17
-1962.45    369.82    3282.7    368261.9    5047.49    -6991.66    2.13e+17
1051.42    2889.94    1481.56    382912.11    5831.58    1882.61    2.01e+17
-3388.76    3723.26    642.1    391015.2    5792.36    -2382.18    1.88e+17
-1953.84    -1710.77    -3819.46    388349.67    -8175.88    9398.29    1.92e+17
-1256.2    -3665.51    -1243.47    369716.76    -111.59    6842.38    2.13e+17
-412.94    -2557.41    -2207.1    402788.4    -8848.82    6766.57    1.80e+17
2680.65    -685.19    -2406.5    392156.95    990.58    -626.14    1.93e+17
-2823.07    2989.34    4446.3    383163.35    -1169.39    -1703.61    1.97e+17
133.8    3390.87    -1004.88    385974.32    7754.08    -4531.86    1.97e+17
868.7    -4634.65    3685.24    376560.4    -2981.7    -8872.49    2.07e+17
-4263.37    101.02    1232.7    368138.82    -7658.66    7294.45    2.11e+17
1010.92    -776.34    2771.23    373442.66    -7140.17    6258.02    2.11e+17
-3097.07    -2612.19    24.79    393134.46    5230.21    9994.35    1.86e+17
-4088.52    -3573.27    722.9    356705.28    2364.36    9932.74    2.25e+17
4219.52    -1526.42    -70.33    361687.56    -7977.55    1108.63    2.29e+17
4376.94    4163.35    -2864.72    358254.13    -8317.86    5379.75    2.33e+17
2898.94    -1661.89    2091.05    357995.71    4019.38    8895.31    2.32e+17
-1836.63    176.63    -2060.74    397917.57    -8544.74    6992.95    1.83e+17
-3781.88    1908.38    -4471.43    390479.24    6437.2    -5053.04    1.88e+17
1731.79    -1281.88    1367.44    379234.52    4124.84    -989.12    2.05e+17
-562.57    4434.75    -3035.16    360793.87    -8373.02    -7416.81    2.24e+17
-3552.84    4347.0    4140.31    380089.18    -8303.25    9081.02    1.99e+17
-45.34    -2333.25    4266.93    379200.12    9732.79    2123.49    2.03e+17
-4376.75    -25.86    3899.73    364486.89    -2514.58    -5427.14    2.15e+17
3847.61    -1871.74    -1220.51    377258.73    -2587.16    3434.01    2.10e+17
-2267.47    -2022.5    -4554.71    375526.73    6255.99    2362.56    2.05e+17
1527.71    -4353.26    4026.19    386176.65    8944.97    -2836.75    1.98e+17
-1769.92    1029.9    -675.07    387119.59    9720.02    -7728.85    1.93e+17
188.64    25.18    4386.56    358219.9    5067.56    3431.46    2.28e+17
439.08    -4216.1    4358.03    374356.02    -2474.81    406.15    2.09e+17
-2962.37    -2080.72    3318.29    386667.14    -8329.99    5446.37    1.93e+17
4414.1    3837.7    -1932.18    380653.68    5542.94    403.27    2.07e+17
2586.25    -2448.12    -1080.08    397968.0    1168.08    7043.63    1.87e+17
4131.29    -3337.99    3300.68    388275.99    -1515.56    1038.14    1.98e+17
3711.38    -99.14    -1720.93    363983.79    8127.09    1218.76    2.26e+17
920.26    4565.11    -3106.77    359457.87    -7776.05    7533.07    2.27e+17
3965.62    -2424.68    533.93    387478.54    -147.5    -1930.34    1.99e+17
-3868.17    1618.07    4099.85    357299.05    -9772.93    -7319.7    2.24e+17
-2857.76    2459.22    1842.68    384703.0    -626.79    -9424.35    1.95e+17
-4274.86    -2466.21    658.57    402071.28    -8873.93    5102.75    1.77e+17
-1641.89    2145.23    -3786.54    384198.23    -7623.64    2406.19    1.97e+17
-1046.43    -1242.84    1081.07    375020.33    -7649.48    4081.6    2.07e+17
-2149.32    1243.67    4606.51    387521.12    2984.21    -5740.72    1.93e+17
3090.13    1255.18    -3383.21    378454.39    4920.9    -7272.57    2.08e+17
-1346.52    336.28    172.3    382735.22    1667.38    -9709.11    1.98e+17
-2059.22    -3851.28    3547.31    402131.78    9243.45    -2988.25    1.79e+17
401.34    3151.84    2263.23    374919.03    -2502.59    1798.35    2.09e+17
-3375.31    -1684.67    1851.95    403098.34    -4285.76    -2155.12    1.77e+17
2840.65    -2946.73    1903.35    400362.18    7371.98    -1250.5    1.85e+17
-3999.22    -4316.71    -1320.78    365593.77    -5528.08    8083.17    2.14e+17
4576.74    854.39    -1940.24    359398.7    9264.45    -3034.89    2.32e+17
2559.1    1669.11    2907.99    360938.12    -9756.91    279.79    2.28e+17
-2832.07    -4544.07    2915.07    356892.87    9397.58    5673.06    2.26e+17
-4648.09    113.67    3450.48    360627.71    -9136.8    -2069.14    2.19e+17
2965.34    -2570.94    3884.46    389467.33    7822.86    2441.73    1.96e+17
1944.46    1364.62    106.62    359488.24    554.02    7247.27    2.29e+17
2152.67    -3060.96    14.25    371629.81    9859.3    8990.41    2.14e+17
2549.94    1794.81    2803.97    397398.89    -8524.07    -7058.53    1.88e+17
-4003.98    -1064.69    1409.66    357140.32    1077.09    8531.75    2.24e+17
-1330.42    4105.26    1898.49    395908.96    9386.05    -157.67    1.86e+17
-3610.83    -3407.3    2780.45    369810.88    461.96    -4835.11    2.10e+17
3413.17    -1493.98    3666.05    361790.08    2587.97    -817.28    2.28e+17
1159.0    -3633.35    -1522.85    390140.12    3914.97    9600.65    1.93e+17
-1589.56    3992.12    -1169.52    386818.2    -909.18    -147.64    1.94e+17
-4102.55    3546.99    -3816.57    398996.13    2551.16    -3424.97    1.80e+17
-1776.77    -2275.35    735.83    392018.48    1686.29    2668.02    1.89e+17
-1643.28    1503.85    -4362.14    395370.57    8023.16    -5197.09    1.86e+17
2158.3    2981.89    -323.38    369819.69    -9091.07    -8482.73    2.16e+17
1293.04    518.89    400.86    364694.54    -4380.74    -7422.41    2.22e+17
3639.8    278.72    -2006.51    392780.12    9008.23    -7439.08    1.93e+17
-261.18    -2426.59    853.83    395534.9    7805.28    -6961.95    1.87e+17
-3575.81    -3824.83    -4413.3    404534.75    -886.86    -7223.46    1.76e+17
2004.5    3733.83    -4348.93    376218.27    2402.65    2817.49    2.09e+17
2451.38    3763.93    3032.45    374228.89    -4452.38    -6362.4    2.12e+17
576.01    1251.15    -1314.21    394044.24    -6237.58    -3086.65    1.89e+17
2547.09    -1513.12    -3505.63    372699.37    -726.03    7935.77    2.14e+17
-58.32    -1417.43    209.09    401607.11    -2932.96    -520.77    1.82e+17
213.69    2123.98    2537.94    398062.22    1673.12    3351.15    1.85e+17
-681.11    3732.84    -2671.28    377020.71    -8445.31    -6553.6    2.05e+17
-4461.06    3638.61    1155.17    392792.68    9487.9    -6154.22    1.85e+17
-3685.82    2630.83    -3897.73    392972.6    9724.21    -9182.63    1.86e+17
6.674e-4 6.674e-4 N*km^2*t^-2
5.972e1 5.972e1 t
7.348e-1 7.348e-1 t
10000000000 10000000000 *