HAS_UNITS
UNITS n
2 100 1
1
n
n
HAS_SOLUTION 
0.44        41.11        18.09
0.96        640.05        6.14e+02
0.76        321.21        2.44e+02
0.64        513.48        3.29e+02
0.24        908.49        2.18e+02
0.24        256.8        61.63
0.15        416.28        62.44
0.88        758.0        6.67e+02
0.64        236.51        1.51e+02
0.74        86.21        63.80
0.12        296.85        35.62
0.97        169.61        1.65e+02
0.85        930.4        7.91e+02
0.29        810.04        2.35e+02
0.26        637.07        1.66e+02
0.27        872.75        2.36e+02
0.37        805.64        2.98e+02
0.57        194.7        1.11e+02
0.49        893.63        4.38e+02
0.36        543.95        1.96e+02
0.65        809.37        5.26e+02
0.23        897.13        2.06e+02
0.36        324.82        1.17e+02
0.43        118.95        51.15
0.51        235.66        1.20e+02
0.81        432.84        3.51e+02
0.28        819.83        2.30e+02
0.56        862.12        4.83e+02
0.63        16.88        10.63
0.14        515.64        72.19
0.65        423.24        2.75e+02
0.25        229.89        57.47
0.16        128.67        20.59
0.95        344.24        3.27e+02
0.97        943.48        9.15e+02
0.83        329.97        2.74e+02
0.37        523.6        1.94e+02
0.19        705.99        1.34e+02
0.72        369.99        2.66e+02
0.5        972.06        4.86e+02
0.21        962.82        2.02e+02
0.55        259.26        1.43e+02
0.13        502.28        65.30
0.92        307.87        2.83e+02
0.33        291.99        96.36
0.7        46.52        32.56
0.38        613.47        2.33e+02
0.57        507.65        2.89e+02
0.59        60.96        35.97
0.27        285.86        77.18
0.97        909.18        8.82e+02
0.8        247.17        1.98e+02
0.95        153.45        1.46e+02
0.91        494.56        4.50e+02
0.64        985.79        6.31e+02
0.93        249.63        2.32e+02
0.18        675.41        1.22e+02
0.28        764.0        2.14e+02
0.14        245.26        34.34
0.39        730.93        2.85e+02
0.45        374.11        1.68e+02
0.34        635.98        2.16e+02
0.85        637.19        5.42e+02
0.42        540.42        2.27e+02
0.35        99.39        34.79
0.59        836.95        4.94e+02
0.23        327.57        75.34
0.82        194.65        1.60e+02
0.17        50.37        8.56
0.99        594.98        5.89e+02
0.8        680.79        5.45e+02
0.28        26.42        7.40
0.1        516.97        51.70
0.83        234.23        1.94e+02
0.74        648.72        4.80e+02
0.76        182.62        1.39e+02
0.79        694.03        5.48e+02
0.17        392.87        66.79
0.42        937.36        3.94e+02
0.2        146.15        29.23
0.88        347.66        3.06e+02
0.66        122.34        80.74
0.4        925.45        3.70e+02
0.16        878.57        1.41e+02
0.38        265.36        1.01e+02
0.39        663.38        2.59e+02
0.76        819.05        6.22e+02
0.67        559.65        3.75e+02
0.9        534.35        4.81e+02
0.52        249.43        1.30e+02
0.21        102.17        21.46
0.74        898.24        6.65e+02
0.78        901.41        7.03e+02
0.61        636.77        3.88e+02
0.79        345.64        2.73e+02
0.54        355.72        1.92e+02
0.57        728.7        4.15e+02
0.48        898.14        4.31e+02
0.12        888.22        1.07e+02
0.2        782.08        1.56e+02
1 1 *