HAS_UNITS
UNITS c n
2 100 1
c
n/c
n
HAS_SOLUTION 
3.75e-07        3.14e+04        1.18e-02
9.51e-07        6.36e+05        6.05e-01
7.32e-07        3.14e+05        2.30e-01
5.99e-07        5.09e+05        3.05e-01
1.57e-07        9.08e+05        1.42e-01
1.57e-07        2.49e+05        3.91e-02
5.90e-08        4.10e+05        2.42e-02
8.66e-07        7.56e+05        6.55e-01
6.02e-07        2.29e+05        1.38e-01
7.08e-07        7.70e+04        5.45e-02
2.16e-08        2.90e+05        6.25e-03
9.70e-07        1.61e+05        1.56e-01
8.33e-07        9.30e+05        7.74e-01
2.13e-07        8.08e+05        1.72e-01
1.83e-07        6.33e+05        1.16e-01
1.84e-07        8.71e+05        1.61e-01
3.05e-07        8.04e+05        2.45e-01
5.25e-07        1.87e+05        9.80e-02
4.33e-07        8.93e+05        3.86e-01
2.92e-07        5.39e+05        1.57e-01
6.12e-07        8.07e+05        4.94e-01
1.40e-07        8.96e+05        1.26e-01
2.93e-07        3.18e+05        9.31e-02
3.67e-07        1.10e+05        4.04e-02
4.57e-07        2.28e+05        1.04e-01
7.85e-07        4.27e+05        3.35e-01
2.00e-07        8.18e+05        1.64e-01
5.15e-07        8.61e+05        4.43e-01
5.93e-07        6.96e+03        4.13e-03
4.74e-08        5.11e+05        2.42e-02
6.08e-07        4.17e+05        2.54e-01
1.71e-07        2.22e+05        3.81e-02
6.60e-08        1.20e+05        7.91e-03
9.49e-07        3.38e+05        3.20e-01
9.66e-07        9.43e+05        9.11e-01
8.09e-07        3.23e+05        2.61e-01
3.05e-07        5.19e+05        1.58e-01
9.86e-08        7.03e+05        6.93e-02
6.85e-07        3.64e+05        2.49e-01
4.41e-07        9.72e+05        4.28e-01
1.23e-07        9.62e+05        1.18e-01
4.96e-07        2.52e+05        1.25e-01
3.54e-08        4.97e+05        1.76e-02
9.09e-07        3.01e+05        2.74e-01
2.60e-07        2.85e+05        7.39e-02
6.63e-07        3.69e+04        2.45e-02
3.12e-07        6.10e+05        1.90e-01
5.21e-07        5.03e+05        2.62e-01
5.47e-07        5.15e+04        2.82e-02
1.86e-07        2.79e+05        5.17e-02
9.70e-07        9.08e+05        8.81e-01
7.75e-07        2.40e+05        1.86e-01
9.40e-07        1.45e+05        1.36e-01
8.95e-07        4.89e+05        4.38e-01
5.98e-07        9.86e+05        5.90e-01
9.22e-07        2.42e+05        2.23e-01
8.94e-08        6.72e+05        6.01e-02
1.97e-07        7.62e+05        1.50e-01
4.62e-08        2.38e+05        1.10e-02
3.26e-07        7.28e+05        2.37e-01
3.89e-07        3.68e+05        1.43e-01
2.72e-07        6.32e+05        1.72e-01
8.29e-07        6.34e+05        5.25e-01
3.57e-07        5.36e+05        1.91e-01
2.82e-07        9.03e+04        2.54e-02
5.43e-07        8.35e+05        4.54e-01
1.42e-07        3.21e+05        4.55e-02
8.02e-07        1.87e+05        1.50e-01
7.55e-08        4.08e+04        3.08e-03
9.87e-07        5.91e+05        5.83e-01
7.72e-07        6.78e+05        5.23e-01
2.00e-07        1.66e+04        3.31e-03
6.52e-09        5.12e+05        3.34e-03
8.16e-07        2.27e+05        1.85e-01
7.07e-07        6.45e+05        4.56e-01
7.29e-07        1.74e+05        1.27e-01
7.71e-07        6.91e+05        5.33e-01
7.50e-08        3.87e+05        2.90e-02
3.59e-07        9.37e+05        3.36e-01
1.17e-07        1.38e+05        1.61e-02
8.63e-07        3.41e+05        2.94e-01
6.24e-07        1.13e+05        7.08e-02
3.32e-07        9.25e+05        3.07e-01
6.45e-08        8.77e+05        5.66e-02
3.12e-07        2.58e+05        8.04e-02
3.26e-07        6.60e+05        2.15e-01
7.30e-07        8.17e+05        5.96e-01
6.38e-07        5.55e+05        3.54e-01
8.87e-07        5.30e+05        4.70e-01
4.73e-07        2.42e+05        1.14e-01
1.20e-07        9.31e+04        1.12e-02
7.14e-07        8.97e+05        6.40e-01
7.61e-07        9.00e+05        6.85e-01
5.62e-07        6.33e+05        3.56e-01
7.71e-07        3.39e+05        2.61e-01
4.94e-07        3.49e+05        1.73e-01
5.23e-07        7.26e+05        3.80e-01
4.28e-07        8.97e+05        3.84e-01
2.64e-08        8.87e+05        2.34e-02
1.09e-07        7.80e+05        8.48e-02
1 1 *