HAS_UNITS
UNITS c m n
3 100 5
c
c
m
n
HAS_SOLUTION 
3.75e-07        3.24e-08        6.42e+00        2.65e-06
9.51e-07        6.37e-07        8.51e-01        7.53e-03
7.32e-07        3.15e-07        1.62e+00        7.86e-04
5.99e-07        5.09e-07        8.99e+00        3.40e-05
1.57e-07        9.08e-07        6.07e+00        3.48e-05
1.57e-07        2.50e-07        1.02e-01        3.40e-02
5.90e-08        4.11e-07        1.02e+00        2.08e-04
8.66e-07        7.56e-07        6.64e+00        1.34e-04
6.02e-07        2.30e-07        6.06e-02        3.39e-01
7.08e-07        7.79e-08        1.62e+00        1.90e-04
2.16e-08        2.90e-07        5.49e+00        1.87e-06
9.70e-07        1.62e-07        6.92e+00        2.95e-05
8.33e-07        9.30e-07        6.52e+00        1.64e-04
2.13e-07        8.08e-07        2.25e+00        3.06e-04
1.83e-07        6.34e-07        7.12e+00        2.05e-05
1.84e-07        8.72e-07        2.38e+00        2.55e-04
3.05e-07        8.04e-07        3.26e+00        2.07e-04
5.25e-07        1.87e-07        7.47e+00        1.59e-05
4.33e-07        8.93e-07        6.50e+00        8.22e-05
2.92e-07        5.40e-07        8.49e+00        1.97e-05
6.12e-07        8.08e-07        6.58e+00        1.03e-04
1.40e-07        8.96e-07        5.69e+00        3.50e-05
2.93e-07        3.19e-07        9.46e-01        9.39e-04
3.67e-07        1.11e-07        3.68e+00        2.70e-05
4.57e-07        2.29e-07        2.66e+00        1.33e-04
7.85e-07        4.28e-07        2.45e+00        5.04e-04
2.00e-07        8.18e-07        9.73e+00        1.56e-05
5.15e-07        8.61e-07        3.94e+00        2.57e-04
5.93e-07        7.95e-09        8.92e+00        5.32e-07
4.74e-08        5.11e-07        6.32e+00        5.47e-06
6.08e-07        4.18e-07        7.95e+00        3.62e-05
1.71e-07        2.23e-07        5.03e+00        1.36e-05
6.60e-08        1.21e-07        5.77e+00        2.15e-06
9.49e-07        3.38e-07        4.93e+00        1.19e-04
9.66e-07        9.43e-07        1.96e+00        2.13e-03
8.09e-07        3.24e-07        7.23e+00        4.51e-05
3.05e-07        5.19e-07        2.81e+00        1.80e-04
9.86e-08        7.03e-07        2.53e-01        9.75e-03
6.85e-07        3.64e-07        6.46e+00        5.38e-05
4.41e-07        9.72e-07        1.78e+00        1.22e-03
1.23e-07        9.62e-07        9.41e+00        1.20e-05
4.96e-07        2.53e-07        9.54e+00        1.24e-05
3.54e-08        4.98e-07        9.15e+00        1.89e-06
9.09e-07        3.02e-07        3.71e+00        1.79e-04
2.60e-07        2.86e-07        1.64e-01        2.47e-02
6.63e-07        3.79e-08        9.28e+00        2.62e-06
3.12e-07        6.10e-07        4.29e+00        9.33e-05
5.21e-07        5.03e-07        9.67e+00        2.52e-05
5.47e-07        5.24e-08        9.64e+00        2.78e-06
1.86e-07        2.79e-07        8.53e+00        6.41e-06
9.70e-07        9.08e-07        2.95e+00        9.10e-04
7.75e-07        2.40e-07        3.86e+00        1.13e-04
9.40e-07        1.46e-07        8.51e+00        1.70e-05
8.95e-07        4.90e-07        3.18e+00        3.91e-04
5.98e-07        9.86e-07        1.70e+00        1.83e-03
9.22e-07        2.43e-07        5.57e+00        6.49e-05
8.94e-08        6.72e-07        9.36e+00        6.17e-06
1.97e-07        7.62e-07        6.96e+00        2.78e-05
4.62e-08        2.38e-07        5.70e+00        3.04e-06
3.26e-07        7.28e-07        9.81e-01        2.22e-03
3.89e-07        3.68e-07        6.15e+00        3.41e-05
2.72e-07        6.33e-07        9.90e+00        1.58e-05
8.29e-07        6.34e-07        1.41e+00        2.38e-03
3.57e-07        5.36e-07        5.19e+00        6.41e-05
2.82e-07        9.12e-08        8.77e+00        3.00e-06
5.43e-07        8.35e-07        7.41e+00        7.43e-05
1.42e-07        3.21e-07        6.97e+00        8.43e-06
8.02e-07        1.87e-07        7.03e+00        2.74e-05
7.55e-08        4.17e-08        3.60e+00        2.18e-06
9.87e-07        5.91e-07        2.94e+00        6.06e-04
7.72e-07        6.78e-07        8.10e+00        7.19e-05
2.00e-07        1.76e-08        8.10e+00        4.80e-07
6.52e-09        5.13e-07        8.67e+00        4.00e-07
8.16e-07        2.27e-07        9.13e+00        2.00e-05
7.07e-07        6.46e-07        5.12e+00        1.57e-04
7.29e-07        1.75e-07        5.02e+00        4.56e-05
7.71e-07        6.91e-07        7.98e+00        7.52e-05
7.50e-08        3.87e-07        6.50e+00        6.18e-06
3.59e-07        9.37e-07        7.02e+00        6.14e-05
1.17e-07        1.38e-07        7.96e+00        2.29e-06
8.63e-07        3.42e-07        8.90e+00        3.35e-05
6.24e-07        1.14e-07        3.39e+00        5.59e-05
3.32e-07        9.25e-07        3.76e+00        1.95e-04
6.45e-08        8.77e-07        9.49e-01        5.65e-04
3.12e-07        2.59e-07        5.79e+00        2.17e-05
3.26e-07        6.60e-07        3.69e-01        1.42e-02
7.30e-07        8.17e-07        4.66e+00        2.47e-04
6.38e-07        5.56e-07        5.43e+00        1.08e-04
8.87e-07        5.30e-07        2.87e+00        5.13e-04
4.73e-07        2.43e-07        5.91e+00        2.95e-05
1.20e-07        9.40e-08        3.15e-01        1.03e-03
7.14e-07        8.97e-07        3.83e-01        3.92e-02
7.61e-07        9.01e-07        8.23e+00        9.11e-05
5.62e-07        6.33e-07        3.61e+00        2.46e-04
7.71e-07        3.40e-07        1.28e+00        1.44e-03
4.94e-07        3.50e-07        5.23e+00        5.69e-05
5.23e-07        7.26e-07        7.70e+00        5.76e-05
4.28e-07        8.97e-07        2.17e+00        7.37e-04
2.64e-08        8.87e-07        6.23e+00        5.42e-06
1.09e-07        7.80e-07        8.63e-01        1.03e-03
8.854 8.854 c^2 * n^-1 * m^-2
100000 100000 *
100 100 *
4 4 *
3.14 3.14 *