HAS_UNITS
UNITS m
3 100 1
m
m
1
m
HAS_SOLUTION v0  v1  / v2  + v1  /
1.21	2.82	2.74	0.56
2.94	1.04	1.59	0.54
2.23	1.05	1.57	0.51
2.59	2.84	1.93	0.94
2.9	1.57	2.5	0.52
1.82	2.96	2.75	0.68
1.75	1.25	1.39	0.59
2.87	2.92	2.72	0.78
2.91	1.57	2.03	0.61
2.13	1.13	1.69	0.51
2.91	1.77	1.66	0.78
1.46	1.56	2.82	0.4
2.56	2.47	2.95	0.63
2.76	2.19	2.63	0.64
2.63	1	2.59	0.34
1.14	1.63	1.48	0.56
1.93	1.53	2.66	0.44
2.73	2.02	1.7	0.83
1.67	1.12	1.93	0.43
1.1	1.19	1.01	0.57
1.54	2.07	2.45	0.55
2.56	1.34	1.13	0.81
2.14	1.15	2.23	0.42
1.07	1.65	1.5	0.54
1.98	2.23	2.71	0.58
1.58	2.91	1.77	0.81
1.58	2.15	2.03	0.63
2.23	1.59	2.82	0.45
2.5	1.84	2.25	0.62
2.35	1.54	1.52	0.71
2.32	1.94	2.48	0.59
1.07	1.09	2.78	0.29
1.35	2.32	2.31	0.58
2.15	2.83	1.46	1.02
1.48	2.83	2.76	0.61
1.94	1.09	2.9	0.31
2.76	2.78	2.43	0.81
2.09	2.54	2.48	0.69
1.47	2.41	2.06	0.65
2.4	2.36	1.4	0.99
1.46	2.43	1.69	0.72
1.69	2.12	2.42	0.58
1.89	1.31	2.9	0.36
1.35	1.92	2.89	0.45
2.97	2.24	1.93	0.83
2.75	1.19	1.62	0.58
2.23	1.4	1.18	0.77
1.08	1.46	1.18	0.58
1.43	2.51	1.07	0.89
1.11	1.05	2.78	0.28
2.97	1.97	1.79	0.8
1.32	2.96	2.63	0.61
1.16	1.8	1.88	0.52
1.22	1.1	1.69	0.42
2.93	2.02	1.94	0.77
1.78	2.87	1.2	1.02
1.55	1.39	2.96	0.36
1.62	1.85	2.46	0.51
1.51	2.3	2.15	0.63
1.36	2.23	2.55	0.53
1 1 *