HAS_UNITS
UNITS kg km s
2 100 2
kg
km / s
kg
HAS_SOLUTION c1 a v1 a / c0 - r v0 /
37.52    270941.93    8.74e+01
95.08    289073.22    3.56e+02
73.23    279421.25    2.01e+02
59.91    285241.86    1.93e+02
15.69    297199.77    1.15e+02
15.68    277471.29    4.12e+01
5.9    282299.18    1.74e+01
86.63    292643.87    3.94e+02
60.15    276857.08    1.56e+02
70.84    272307.09    1.69e+02
2.16    278683.85    5.83e+00
96.99    274831.8    2.42e+02
83.26    297863.04    6.99e+02
21.31    294219.37    1.09e+02
18.26    288983.11    6.80e+01
18.42    296117.67    1.15e+02
30.49    294086.05    1.54e+02
52.52    275591.5    1.33e+02
43.25    296749.99    2.95e+02
29.19    286164.09    9.72e+01
61.22    294198.98    3.13e+02
14.04    296855.86    9.72e+01
29.29    279530.56    8.07e+01
36.7    273298.26    8.90e+01
45.66    276831.22    1.18e+02
78.54    282800.42    2.35e+02
20.05    294515.9    1.05e+02
51.47    295796.1    3.09e+02
59.28    270208.36    1.36e+02
4.74    285307.1    1.53e+01
60.79    282509.81    1.81e+02
17.14    276656.57    4.43e+01
6.6    273592.37    1.61e+01
94.89    280118.33    2.65e+02
96.57    298259.0    8.98e+02
80.86    279686.39    2.24e+02
30.53    285548.15    9.96e+01
9.86    291069.48    4.07e+01
68.45    280897.98    1.95e+02
44.07    299124.31    5.77e+02
12.29    298844.55    1.40e+02
49.57    277545.92    1.31e+02
3.54    284902.54    1.13e+01
90.94    279017.32    2.48e+02
25.95    278536.67    6.99e+01
66.29    271105.5    1.55e+02
31.24    288268.64    1.13e+02
52.05    285065.29    1.67e+02
54.72    271542.82    1.29e+02
18.57    278351.03    4.98e+01
96.96    297220.73    7.14e+02
77.54    277179.67    2.03e+02
93.96    274342.5    2.32e+02
89.49    284668.9    2.84e+02
59.83    299539.94    1.08e+03
92.2    277254.4    2.41e+02
8.94    290143.9    3.52e+01
19.68    292825.74    9.05e+01
4.62    277122.0    1.21e+01
32.6    291824.64    1.41e+02
38.93    281022.46    1.11e+02
27.21    288950.21    1.01e+02
82.89    288986.89    3.09e+02
35.74    286057.17    1.19e+02
28.17    272705.98    6.76e+01
54.32    295034.02    3.00e+02
14.18    279613.78    3.91e+01
80.24    275589.96    2.03e+02
7.55    271222.03    1.77e+01
98.69    287709.06    3.48e+02
77.25    290306.6    3.06e+02
19.95    270497.14    4.61e+01
0.65    285347.43    2.11e+00
81.56    276788.08    2.11e+02
70.72    289335.83    2.68e+02
72.93    275225.76    1.83e+02
77.15    290707.4    3.12e+02
7.5    281590.46    2.17e+01
35.91    298073.8    3.17e+02
11.68    274121.5    2.87e+01
86.32    280221.76    2.42e+02
62.37    273400.8    1.52e+02
33.16    297713.07    2.69e+02
6.45    296293.86    4.12e+01
31.17    277730.51    8.24e+01
32.59    289779.72    1.26e+02
72.99    294492.15    3.83e+02
63.79    286639.37    2.16e+02
88.73    285873.63    2.93e+02
47.27    277248.31    1.24e+02
12.05    272790.29    2.90e+01
71.35    296889.56    4.97e+02
76.1    296985.53    5.38e+02
56.17    288974.05    2.09e+02
77.12    280160.72    2.16e+02
49.43    280465.81    1.39e+02
52.32    291756.89    2.25e+02
42.81    296886.39    2.98e+02
2.64    296585.98    1.75e+01
10.88    293372.87    5.21e+01
1 1 *
300000 300000  km / s