HAS_UNITS
UNITS t km s
2 100 2
t
km * s^-1
t * km * s^-1
HAS_SOLUTION c1 a v1 a / c0 - r v0 /
1.50e+00    8.11e+04    1.26e+05
3.80e+00    1.99e+05    1.01e+06
2.93e+00    1.36e+05    4.48e+05
2.40e+00    1.74e+05    5.13e+05
6.20e-01    2.52e+05    2.88e+05
6.20e-01    1.24e+05    8.41e+04
2.30e-01    1.55e+05    4.16e+04
3.46e+00    2.22e+05    1.15e+06
2.40e+00    1.20e+05    3.13e+05
2.83e+00    9.00e+04    2.67e+05
8.00e-02    1.32e+05    1.17e+04
3.88e+00    1.06e+05    4.42e+05
3.33e+00    2.56e+05    1.64e+06
8.50e-01    2.33e+05    3.13e+05
7.30e-01    1.99e+05    1.93e+05
7.30e-01    2.45e+05    3.10e+05
1.22e+00    2.32e+05    4.45e+05
2.10e+00    1.11e+05    2.52e+05
1.73e+00    2.49e+05    7.73e+05
1.17e+00    1.80e+05    2.64e+05
2.45e+00    2.32e+05    9.01e+05
5.60e-01    2.50e+05    2.52e+05
1.17e+00    1.37e+05    1.80e+05
1.47e+00    9.65e+04    1.50e+05
1.82e+00    1.19e+05    2.37e+05
3.14e+00    1.58e+05    5.85e+05
8.00e-01    2.35e+05    3.01e+05
2.06e+00    2.43e+05    8.52e+05
2.37e+00    7.64e+04    1.87e+05
1.90e-01    1.75e+05    4.08e+04
2.43e+00    1.56e+05    4.45e+05
6.80e-01    1.18e+05    8.75e+04
2.60e-01    9.84e+04    2.71e+04
3.80e+00    1.41e+05    6.06e+05
3.86e+00    2.59e+05    1.98e+06
3.23e+00    1.38e+05    5.02e+05
1.22e+00    1.76e+05    2.66e+05
3.90e-01    2.12e+05    1.17e+05
2.74e+00    1.46e+05    4.58e+05
1.76e+00    2.64e+05    9.86e+05
4.90e-01    2.63e+05    2.66e+05
1.98e+00    1.24e+05    2.70e+05
1.40e-01    1.72e+05    2.94e+04
3.64e+00    1.34e+05    5.43e+05
1.04e+00    1.31e+05    1.51e+05
2.65e+00    8.22e+04    2.26e+05
1.25e+00    1.94e+05    3.18e+05
2.08e+00    1.73e+05    4.41e+05
2.19e+00    8.50e+04    1.94e+05
7.40e-01    1.29e+05    1.06e+05
3.88e+00    2.52e+05    1.80e+06
3.10e+00    1.22e+05    4.13e+05
3.76e+00    1.03e+05    4.14e+05
3.58e+00    1.70e+05    7.41e+05
2.39e+00    2.67e+05    1.40e+06
3.69e+00    1.22e+05    4.94e+05
3.50e-01    2.06e+05    9.92e+04
7.80e-01    2.24e+05    2.61e+05
1.80e-01    1.21e+05    2.39e+04
1.30e+00    2.17e+05    4.09e+05
1.56e+00    1.47e+05    2.62e+05
1.09e+00    1.98e+05    2.88e+05
3.32e+00    1.99e+05    8.79e+05
1.43e+00    1.79e+05    3.20e+05
1.12e+00    9.26e+04    1.09e+05
2.17e+00    2.38e+05    8.47e+05
5.60e-01    1.38e+05    8.67e+04
3.21e+00    1.11e+05    3.85e+05
3.00e-01    8.30e+04    2.59e+04
3.95e+00    1.90e+05    9.72e+05
3.09e+00    2.07e+05    8.85e+05
8.00e-01    7.82e+04    6.48e+04
2.00e-02    1.75e+05    4.30e+03
3.26e+00    1.19e+05    4.23e+05
2.83e+00    2.01e+05    7.65e+05
2.92e+00    1.09e+05    3.42e+05
3.09e+00    2.10e+05    9.06e+05
3.00e-01    1.50e+05    5.22e+04
1.43e+00    2.58e+05    7.19e+05
4.60e-01    1.02e+05    4.98e+04
3.45e+00    1.42e+05    5.54e+05
2.49e+00    9.71e+04    2.56e+05
1.32e+00    2.55e+05    6.42e+05
2.60e-01    2.46e+05    1.12e+05
1.24e+00    1.25e+05    1.71e+05
1.30e+00    2.04e+05    3.61e+05
2.92e+00    2.34e+05    1.10e+06
2.55e+00    1.83e+05    5.90e+05
3.55e+00    1.78e+05    7.87e+05
1.89e+00    1.22e+05    2.53e+05
4.80e-01    9.32e+04    4.70e+04
2.85e+00    2.50e+05    1.29e+06
3.04e+00    2.51e+05    1.39e+06
2.25e+00    1.98e+05    5.95e+05
3.08e+00    1.41e+05    4.93e+05
1.98e+00    1.43e+05    3.22e+05
2.09e+00    2.17e+05    6.54e+05
1.71e+00    2.50e+05    7.73e+05
1.00e-01    2.48e+05    4.41e+04
4.30e-01    2.27e+05    1.49e+05
1 1 *
300000 300000  km * s^-1