HAS_UNITS
UNITS km s
2 100 2
km
s^-1
km^-1
HAS_SOLUTION v1 c0 / a  c1 v0 / a  - r
4.37e-05    9.51e+11    3.17e+06
7.59e-05    6.03e+11    2.01e+06
2.40e-05    1.64e+11    5.32e+05
1.52e-05    8.68e+11    2.88e+06
6.41e-05    7.11e+11    2.37e+06
1.19e-05    9.70e+11    3.22e+06
8.49e-05    2.20e+11    7.33e+05
2.64e-05    1.92e+11    6.27e+05
3.74e-05    5.30e+11    1.76e+06
4.89e-05    2.98e+11    9.92e+05
6.51e-05    1.48e+11    4.91e+05
3.63e-05    3.73e+11    1.24e+06
5.10e-05    7.87e+11    2.62e+06
2.80e-05    5.19e+11    1.73e+06
6.33e-05    5.60e+10    1.80e+05
6.47e-05    1.79e+11    5.94e+05
1.59e-05    9.49e+11    3.16e+06
9.69e-05    8.10e+11    2.70e+06
3.74e-05    1.07e+11    3.46e+05
7.16e-05    4.46e+11    1.49e+06
2.10e-05    5.00e+11    1.66e+06
1.31e-05    9.10e+11    3.02e+06
3.33e-05    6.66e+11    2.22e+06
3.81e-05    5.25e+11    1.75e+06
5.92e-05    1.93e+11    6.41e+05
9.73e-04    7.77e+10    2.59e+05
9.46e-04    8.96e+10    2.99e+05
6.38e-04    9.23e+10    3.08e+05
1.80e-04    2.04e+10    6.57e+04
1.41e-04    3.32e+10    1.08e+05
4.50e-04    2.79e+10    9.26e+04
8.46e-04    3.63e+10    1.21e+05
3.53e-04    5.47e+10    1.82e+05
2.27e-04    8.04e+10    2.68e+05
1.67e-04    9.87e+10    3.28e+05
7.95e-04    2.07e+10    6.88e+04
1.05e-04    8.17e+10    2.71e+05
7.36e-04    7.32e+10    2.44e+05
7.94e-04    8.33e+09    2.75e+04
4.23e-04    1.25e+10    4.09e+04
8.77e-04    6.27e+10    2.09e+05
3.98e-04    7.29e+09    2.30e+04
3.80e-04    3.32e+10    1.10e+05
7.57e-04    6.41e+10    2.14e+05
8.98e-04    4.77e+10    1.59e+05
2.08e-04    7.16e+10    2.38e+05
7.85e-04    5.66e+10    1.89e+05
7.94e-04    4.99e+10    1.66e+05
5.70e-04    4.33e+10    1.44e+05
1.23e-04    1.17e+10    2.94e+04
4.11e-01    6.40e+06    1.99e+01
3.21e+00    5.13e+06    1.71e+01
9.08e+00    2.57e+06    8.55e+00
4.16e+00    7.58e+06    2.53e+01
2.37e+00    8.62e+05    2.55e+00
2.97e+00    1.70e+06    5.55e+00
9.30e+00    8.10e+06    2.70e+01
6.37e+00    8.73e+06    2.91e+01
8.06e+00    1.95e+06    6.48e+00
8.94e+00    5.44e+06    1.81e+01
8.09e+00    8.97e+06    2.99e+01
3.25e+00    1.19e+06    3.85e+00
2.36e+00    4.33e+06    1.44e+01
8.20e+00    8.62e+06    2.87e+01
4.23e+00    2.30e+06    7.63e+00
1.29e+00    3.44e+06    1.12e+01
9.43e+00    3.30e+06    1.10e+01
5.24e+00    7.06e+06    2.35e+01
3.70e+00    9.72e+06    3.24e+01
9.63e+00    2.59e+06    8.64e+00
5.02e+00    3.08e+06    1.02e+01
2.92e+00    4.65e+05    1.12e+00
6.13e+00    5.08e+06    1.69e+01
6.10e-01    2.86e+06    8.01e+00
9.09e+00    2.47e+06    8.23e+00
2.30e-04    4.90e+12    1.63e+07
9.87e-04    2.42e+12    8.07e+06
7.05e-04    7.62e+12    2.54e+07
3.14e-04    7.28e+12    2.43e+07
4.31e-04    6.32e+12    2.11e+07
6.70e-04    5.36e+12    1.79e+07
1.81e-04    8.35e+12    2.78e+07
3.89e-04    1.87e+12    6.22e+06
1.37e-04    5.91e+12    1.97e+07
7.10e-04    1.67e+11    5.56e+05
5.61e-04    2.27e+12    7.55e+06
6.81e-04    1.74e+12    5.81e+06
7.22e-04    3.87e+12    1.29e+07
9.43e-04    1.38e+12    4.59e+06
4.07e-04    1.14e+12    3.79e+06
9.32e-04    8.77e+12    2.92e+07
3.32e-04    6.60e+12    2.20e+07
8.35e-04    5.55e+12    1.85e+07
5.77e-04    2.42e+12    8.06e+06
1.84e-04    8.97e+12    2.99e+07
9.10e-04    6.33e+12    2.11e+07
4.05e-04    3.49e+12    1.16e+07
7.53e-04    8.97e+12    2.99e+07
8.98e-04    7.80e+12    2.60e+07
6.78e-04    8.42e+11    2.81e+06
3.141592654 3.141592654 *
300000 300000 km / s