HAS_UNITS
UNITS km s t
1 100 6
km
s
HAS_SOLUTION c2 c3 + c1 * c4 * r v0 v0 v0 * * r c5 c0 * * /
364277.82    68773.4
369650.93    70300.61
364673.51    68885.48
360346.42    67663.07
361911.16    68104.27
378578.16    72862.61
366110.35    69293.0
373849.22    71501.65
380667.45    73466.61
389829.35    76134.79
357926.29    66982.56
395171.11    77705.03
386767.12    75239.46
360006.19    67567.26
398805.35    78779.43
401122.75    79467.09
358992.82    67282.17
369567.0    70276.67
395503.86    77803.2
392664.72    76966.94
365041.53    68989.78
366258.12    69334.96
374153.13    71588.86
379741.63    73198.75
386294.48    75101.59
374076.77    71566.95
378664.2    72887.45
392626.08    76955.58
357797.48    66946.41
368369.41    69935.34
390954.13    76464.54
399865.14    79093.66
381072.19    73583.81
382073.56    73874.04
361251.43    67918.13
377923.21    72673.61
382098.25    73881.2
367881.05    69796.32
369192.92    70169.99
374486.92    71684.68
356983.49    66718.08
371781.88    70909.38
366360.95    69364.16
372047.37    70985.35
361868.34    68092.18
399635.84    79025.64
385086.03    74749.45
389276.01    75972.75
394669.39    77557.1
380423.67    73396.05
360259.09    67638.47
382318.22    73945.01
384755.21    74653.15
392526.53    76926.31
377151.32    72451.07
362251.43    68200.34
369905.02    70373.1
373791.03    71484.96
387649.94    75497.22
383968.14    74424.2
373448.74    71386.79
404339.25    80424.84
385682.97    74923.33
367624.11    69723.21
360987.34    67843.67
363490.1    68550.44
368051.93    69844.95
363873.39    68658.9
365141.78    69018.21
369969.66    70391.55
364495.31    68835.0
399941.51    79116.32
359931.45    67546.22
381701.06    73766.03
376109.44    72151.06
404136.55    80364.37
361489.91    67985.4
375494.92    71974.3
403504.05    80175.78
398409.85    78662.27
396036.53    77960.43
368637.24    70011.63
364373.49    68800.49
388763.52    75822.77
401539.42    79590.94
383281.38    74224.62
384009.02    74436.08
369718.98    70320.02
393705.15    77273.04
365165.14    69024.83
371860.28    70931.81
376846.39    72363.22
380872.91    73526.09
367878.08    69795.47
361627.0    68024.08
385920.38    74992.52
370142.9    70441.0
384480.67    74573.26
363563.77    68571.28
379575.86    73150.83
3.1415926535 3.1415926535 *
6.674e-4 6.674e-4 km^3 * t^-1 * s^-2
5.972e1 5.972e1 t
7.348e-1 7.348e-1 t
10000000000 10000000000 *
2 2 *