HAS_UNITS
UNITS km s
3 100 2
km
km / s
s
km
HAS_SOLUTION 
3.75e-01        8.49e+03        6.42e+00        -5.45e+04
9.51e-01        1.72e+05        8.41e-01        -1.76e+05
7.32e-01        8.49e+04        1.62e+00        -1.43e+05
5.99e-01        1.37e+05        8.99e+00        -1.39e+06
1.56e-01        2.45e+05        6.06e+00        -2.58e+06
1.56e-01        6.73e+04        9.20e-02        -6.35e+03
5.81e-02        1.11e+05        1.01e+00        -1.21e+05
8.66e-01        2.04e+05        6.64e+00        -1.85e+06
6.01e-01        6.18e+04        5.06e-02        -3.19e+03
7.08e-01        2.08e+04        1.61e+00        -3.35e+04
2.06e-02        7.82e+04        5.49e+00        -4.45e+05
9.70e-01        4.35e+04        6.92e+00        -3.04e+05
8.32e-01        2.51e+05        6.52e+00        -2.99e+06
2.12e-01        2.18e+05        2.24e+00        -7.13e+05
1.82e-01        1.71e+05        7.12e+00        -1.48e+06
1.83e-01        2.35e+05        2.37e+00        -9.00e+05
3.04e-01        2.17e+05        3.25e+00        -1.02e+06
5.25e-01        5.04e+04        7.46e+00        -3.81e+05
4.32e-01        2.41e+05        6.50e+00        -2.63e+06
2.91e-01        1.46e+05        8.49e+00        -1.41e+06
6.12e-01        2.18e+05        6.58e+00        -2.09e+06
1.39e-01        2.42e+05        5.68e+00        -2.33e+06
2.92e-01        8.59e+04        9.37e-01        -8.39e+04
3.66e-01        2.97e+04        3.68e+00        -1.10e+05
4.56e-01        6.15e+04        2.65e+00        -1.67e+05
7.85e-01        1.15e+05        2.44e+00        -3.05e+05
2.00e-01        2.21e+05        9.73e+00        -3.18e+06
5.14e-01        2.32e+05        3.93e+00        -1.44e+06
5.92e-01        1.88e+03        8.92e+00        -1.67e+04
4.65e-02        1.38e+05        6.31e+00        -9.80e+05
6.08e-01        1.13e+05        7.95e+00        -9.67e+05
1.71e-01        6.00e+04        5.03e+00        -3.08e+05
6.51e-02        3.24e+04        5.77e+00        -1.88e+05
9.49e-01        9.12e+04        4.93e+00        -4.71e+05
9.66e-01        2.55e+05        1.95e+00        -9.40e+05
8.08e-01        8.73e+04        7.22e+00        -6.59e+05
3.05e-01        1.40e+05        2.81e+00        -4.45e+05
9.77e-02        1.90e+05        2.43e-01        -5.96e+04
6.84e-01        9.82e+04        6.45e+00        -6.71e+05
4.40e-01        2.62e+05        1.77e+00        -9.58e+05
1.22e-01        2.60e+05        9.40e+00        -4.89e+06
4.95e-01        6.80e+04        9.54e+00        -6.66e+05
3.44e-02        1.34e+05        9.15e+00        -1.37e+06
9.09e-01        8.12e+04        3.70e+00        -3.12e+05
2.59e-01        7.69e+04        1.55e-01        -1.23e+04
6.63e-01        9.96e+03        9.28e+00        -9.25e+04
3.12e-01        1.65e+05        4.28e+00        -8.43e+05
5.20e-01        1.36e+05        9.67e+00        -1.47e+06
5.47e-01        1.39e+04        9.64e+00        -1.34e+05
1.85e-01        7.52e+04        8.53e+00        -6.63e+05
9.70e-01        2.45e+05        2.94e+00        -1.25e+06
7.75e-01        6.47e+04        3.85e+00        -2.55e+05
9.39e-01        3.91e+04        8.51e+00        -3.36e+05
8.95e-01        1.32e+05        3.17e+00        -4.67e+05
5.98e-01        2.66e+05        1.69e+00        -9.77e+05
9.22e-01        6.54e+04        5.57e+00        -3.73e+05
8.85e-02        1.81e+05        9.36e+00        -2.13e+06
1.96e-01        2.06e+05        6.96e+00        -1.97e+06
4.52e-02        6.42e+04        5.70e+00        -3.74e+05
3.25e-01        1.97e+05        9.72e-01        -2.53e+05
3.89e-01        9.93e+04        6.15e+00        -6.47e+05
2.71e-01        1.71e+05        9.90e+00        -2.06e+06
8.29e-01        1.71e+05        1.40e+00        -2.92e+05
3.57e-01        1.45e+05        5.18e+00        -8.56e+05
2.81e-01        2.44e+04        8.77e+00        -2.15e+05
5.43e-01        2.26e+05        7.41e+00        -2.53e+06
1.41e-01        8.66e+04        6.97e+00        -6.31e+05
8.02e-01        5.04e+04        7.02e+00        -3.59e+05
7.46e-02        1.10e+04        3.59e+00        -3.96e+04
9.87e-01        1.60e+05        2.94e+00        -5.53e+05
7.72e-01        1.83e+05        8.09e+00        -1.87e+06
1.99e-01        4.48e+03        8.10e+00        -3.63e+04
5.52e-03        1.38e+05        8.67e+00        -1.35e+06
8.15e-01        6.12e+04        9.13e+00        -5.70e+05
7.07e-01        1.74e+05        5.11e+00        -1.09e+06
7.29e-01        4.71e+04        5.02e+00        -2.39e+05
7.71e-01        1.87e+05        7.98e+00        -1.90e+06
7.40e-02        1.04e+05        6.50e+00        -7.24e+05
3.58e-01        2.53e+05        7.02e+00        -3.30e+06
1.16e-01        3.71e+04        7.96e+00        -2.98e+05
8.63e-01        9.21e+04        8.90e+00        -8.61e+05
6.23e-01        3.06e+04        3.38e+00        -1.04e+05
3.31e-01        2.50e+05        3.76e+00        -1.69e+06
6.36e-02        2.37e+05        9.40e-01        -3.63e+05
3.11e-01        6.96e+04        5.78e+00        -4.14e+05
3.25e-01        1.78e+05        3.59e-01        -7.96e+04
7.30e-01        2.21e+05        4.66e+00        -1.52e+06
6.38e-01        1.50e+05        5.43e+00        -9.39e+05
8.87e-01        1.43e+05        2.87e+00        -4.66e+05
4.72e-01        6.53e+04        5.91e+00        -3.95e+05
1.20e-01        2.51e+04        3.05e-01        -7.69e+03
7.13e-01        2.42e+05        3.73e-01        -1.53e+05
7.61e-01        2.43e+05        8.23e+00        -3.41e+06
5.61e-01        1.71e+05        3.60e+00        -7.49e+05
7.71e-01        9.15e+04        1.27e+00        -1.22e+05
4.94e-01        9.43e+04        5.22e+00        -5.19e+05
5.23e-01        1.96e+05        7.70e+00        -1.99e+06
4.28e-01        2.42e+05        2.16e+00        -8.86e+05
2.54e-02        2.40e+05        6.23e+00        -2.48e+06
1.08e-01        2.11e+05        8.53e-01        -2.52e+05
3.0 3.0 km / s
100000 100000 *