2	20 1
-1.691140	0.369150	-5.555334
2.383350	1.604920	-0.140763
0.414210	-0.099730	2.402802
-0.799410	2.139260	2.315752
-2.165740	1.557360	-0.066764
2.953680	0.564290	0.947085
-0.784700	-0.348770	-3.984423
-1.968650	2.798020	5.208100
-2.769420	2.981670	2.154000
-1.815440	-1.219580	-2.002775
0.773730	0.449190	3.776915
-0.014630	-0.056760	-0.087636
2.643700	2.035260	-1.283560
-1.310200	-0.581270	-4.845286
-0.008300	1.972810	0.019485
0.209250	-0.636730	1.002127
-0.734950	1.217290	-1.392824
-1.741430	-2.461050	4.595664
-2.994550	-0.666330	-0.691041
-0.096360	0.137500	-0.571817
1 10