2	60 1
-0.721720	2.873430	3.822383
1.355680	1.554220	0.097161
2.138100	0.218010	4.940344
-1.262700	1.113050	-2.526710
-2.212640	1.486260	-0.405794
-2.965350	-0.265840	-1.015036
-2.867420	-0.323630	-1.540171
-2.943760	-2.679640	1.055662
-0.881010	0.455500	-4.156397
-0.099290	0.871310	-0.382922
0.849300	-1.541060	0.133940
1.701630	-1.120190	2.590736
2.529960	0.137730	3.412604
-1.603320	-0.189050	-5.889983
-0.835340	-0.886600	-2.812086
1.276840	-2.444580	-4.403238
-2.208930	0.197560	-4.725511
-1.815820	2.894120	5.643457
1.321720	0.620090	4.732271
-0.747900	-2.324130	2.791436
-2.806990	-1.326280	-0.476999
-1.987450	2.445990	4.211954
0.299040	-1.601890	-0.054953
-0.843330	2.462280	3.486371
2.291500	-2.033420	-2.011931
-2.107760	1.672690	0.524414
-0.459190	-2.599160	2.277600
1.119720	-0.261500	5.216293
-1.946150	-0.607010	-4.585036
1.060420	-0.592870	4.341900
-0.438100	-2.574100	2.146343
2.085810	0.993360	2.850418
-2.288450	-0.819960	-3.083844
2.147690	0.817760	3.439095
-2.527450	1.481420	-0.308612
2.458840	-1.767950	-0.741517
2.795670	-0.093870	2.025432
-1.372460	-2.457410	4.558463
1.282020	1.235060	1.894934
-0.979790	-2.091320	2.477861
-2.648110	1.499080	-0.203656
-2.895020	-2.811920	1.385625
-1.137520	0.333330	-5.145836
-1.783520	-2.002460	2.453711
-1.482540	-0.804710	-4.143731
-0.619540	-2.502030	2.795383
2.869900	-1.969670	-0.625361
0.124970	2.948920	-0.734031
-2.808750	-0.860040	-1.278970
-1.908120	0.037290	-5.657927
1.324600	-0.560790	4.927801
-2.736960	-0.119730	-2.345176
-0.332520	1.089020	-0.907505
-0.023030	-1.289570	-0.038346
2.320020	-2.935970	-4.300758
-0.993190	2.085380	2.473970
-1.048490	2.821340	4.935635
-1.283080	0.161270	-5.678712
-2.443710	-1.090360	-1.781919
2.364290	2.763350	-3.910702
1 10