2	20
-1.691140	0.369150	26.176489
2.383350	1.604920	61.625902
0.414210	-0.099730	0.155719
-0.799410	2.139260	0.336586
-2.165740	1.557360	66.771228
2.953680	0.564290	155.981055
-0.784700	-0.348770	2.229749
-1.968650	2.798020	46.626745
-2.769420	2.981670	174.049351
-1.815440	-1.219580	37.751465
0.773730	0.449190	-0.368918
-0.014630	-0.056760	0.098107
2.643700	2.035260	96.711354
-1.310200	-0.581270	11.447949
-0.008300	1.972810	-1.407787
0.209250	-0.636730	1.278036
-0.734950	1.217290	-0.083007
-1.741430	-2.461050	37.068829
-2.994550	-0.666330	237.296316
-0.096360	0.137500	-0.222918
