2	60 2
-0.721720	2.873430	0.410466
1.355680	1.554220	3.770996
2.138100	0.218010	39.192486
-1.262700	1.113050	7.699866
-2.212640	1.486260	72.581759
-2.965350	-0.265840	227.690381
-2.867420	-0.323630	200.258824
-2.943760	-2.679640	229.045259
-0.881010	0.455500	1.724491
-0.099290	0.871310	-1.100121
0.849300	-1.541060	4.311565
1.701630	-1.120190	17.086894
2.529960	0.137730	81.146107
-1.603320	-0.189050	22.217682
-0.835340	-0.886600	3.875300
1.276840	-2.444580	11.082477
-2.208930	0.197560	73.215982
-1.815820	2.894120	34.230082
1.321720	0.620090	3.765972
-0.747900	-2.324130	7.977848
-2.806990	-1.326280	187.090246
-1.987450	2.445990	48.044107
0.299040	-1.601890	3.991467
-0.843330	2.462280	0.889784
2.291500	-2.033420	58.813603
-2.107760	1.672690	60.071528
-0.459190	-2.599160	8.033408
1.119720	-0.261500	2.583570
-1.946150	-0.607010	46.661390
1.060420	-0.592870	2.794662
-0.438100	-2.574100	7.890371
2.085810	0.993360	34.327152
-2.288450	-0.819960	85.875617
2.147690	0.817760	39.255444
-2.527450	1.481420	121.584328
2.458840	-1.767950	76.624776
2.795670	-0.093870	124.474255
-1.372460	-2.457410	19.428137
1.282020	1.235060	2.677209
-0.979790	-2.091320	9.268761
-2.648110	1.499080	145.653391
-2.895020	-2.811920	215.885155
-1.137520	0.333330	5.588136
-1.783520	-2.002460	38.080370
-1.482540	-0.804710	18.005035
-0.619540	-2.502030	8.060979
2.869900	-1.969670	144.152243
0.124970	2.948920	-0.667027
-2.808750	-0.860040	186.231702
-1.908120	0.037290	42.109594
1.324600	-0.560790	5.785507
-2.736960	-0.119730	167.149700
-0.332520	1.089020	-1.179991
-0.023030	-1.289570	3.023781
2.320020	-2.935970	65.495443
-0.993190	2.085380	2.335473
-1.048490	2.821340	3.703454
-1.283080	0.161270	9.260583
-2.443710	-1.090360	110.572704
2.364290	2.763350	60.056008
1 10
0.5 0.5