1	60 1
1.447290	2.874217
0.081170	-6.543907
0.057710	-6.669655
0.906750	-3.490455
0.989270	-3.063359
0.778560	-4.001854
2.723530	187.701239
-2.230350	-274.250550
1.646830	9.345801
2.286240	71.343508
1.328710	0.460318
-0.511710	-12.191316
0.300190	-5.560711
-2.366320	-344.645548
1.867150	21.733688
1.181490	-1.534888
-2.992770	-897.798816
-0.977550	-25.904816
-0.065490	-7.415566
-1.564450	-80.654004
2.974880	302.937350
-0.117720	-7.782757
-1.076500	-31.163441
-1.585000	-83.939195
-0.122360	-7.817075
-2.750860	-631.440714
2.758560	201.228256
0.464910	-4.986014
2.483650	113.198023
0.819360	-3.853827
1.525510	4.994019
2.992280	312.623908
2.754070	199.452441
-2.238790	-278.229951
-0.056050	-7.352743
2.612370	149.477969
0.737930	-4.139737
-0.055720	-7.350566
0.310110	-5.522899
-2.604710	-505.114186
-0.775960	-18.185453
-1.442370	-63.529679
2.545380	129.606791
-0.631600	-14.470449
1.448180	2.895747
-2.293120	-305.048608
0.679170	-4.327510
2.669960	168.420010
-0.122570	-7.818635
-2.878170	-761.938671
-0.045010	-7.280567
1.067250	-2.552001
1.555900	5.952713
2.681390	172.395765
-0.302140	-9.409647
0.380820	-5.266364
-2.115360	-224.712086
-1.604930	-87.245350
0.288040	-5.607689
-0.213890	-8.558400
1 10