1 40 3
-0.81	0.553834965
0.86	0.577447048
-0.11	0.401363197
0.59	0.47478722
-0.36	0.425649716
0.23	0.409635093
0.67	0.499329773
-0.17	0.404748848
-0.04	0.399261562
0.83	0.562992747
-0.24	0.410598867
0.92	0.609120885
-0.82	0.558367164
-0.27	0.413751994
0.79	0.54504412
0.33	0.421266962
-0.45	0.441450875
0.41	0.433922847
-0.16	0.404081563
-0.3	0.41730474
-0.08	0.40022094
-1	0.657744623
0.72	0.516986492
-0.92	0.609120885
-0.69	0.506167046
0.06	0.399661023
-0.44	0.439490783
0.03	0.399121845
-0.68	0.50271165
-0.88	0.587582549
-0.1	0.400941987
-0.66	0.496020247
0.97	0.638592634
-0.35	0.424141339
-0.52	0.456695445
0.98	0.644849364
-0.96	0.632459853
0.25	0.411606068
-0.71	0.513303222
0.79	0.54504412
2 2
2.718281828 2.718281828
3.1415926535 3.1415926535