2 20 2
97	68891894	99.66727575
6	30065527	6.030402456
10	21513284	10.02584778
94	232250689	148.6582151
49	49046400	49.66921519
81	263556977	169.9611946
38	52974860	38.60753441
13	96376314	13.72875728
61	193355229	79.82064961
39	140331345	44.13371498
32	270241043	73.91479059
73	260616349	147.6999803
79	135944225	88.63695981
86	33856546	86.55372107
39	239438695	64.8105409
62	107623757	66.42811217
78	168634792	94.34032978
54	94400274	56.89422684
80	228096975	123.2801937
66	158204785	77.69990441
-1 1
299792458 299792458