5 20 1
10.0 -10.0 1.0 -10.0 -0.78332691 -21.66730904
3.0 -9.0 -9.0 2.0 0.452886285 -51.45585941
6.0 0.0 8.0 -6.0 -0.605186406 174.2936849
4.0 -9.0 0.0 -8.0 -0.564642473 -36.0
10.0 0.0 8.0 4.0 -0.696135239 -222.7632764
8.0 -5.0 7.0 7.0 -0.514135992 -241.5413087
-5.0 -6.0 -9.0 7.0 -0.757842563 -208.7204073
-7.0 -5.0 4.0 -1.0 -0.059964006 33.32100782
-8.0 9.0 -7.0 -6.0 -0.009999833 -68.640056
-7.0 5.0 10.0 -6.0 0.079914694 -1.435828533
5.0 -5.0 -7.0 -7.0 0.605186406 123.2706694
-3.0 -5.0 6.0 -8.0 -0.470625888 -52.7701279
-9.0 -1.0 1.0 -2.0 -0.109778301 7.023990585
-4.0 -5.0 8.0 -7.0 0.751280405 188.2868108
3.0 -6.0 7.0 -10.0 0.737931371 -172.9655879
2.0 -9.0 7.0 4.0 0.398609328 4.322122367
-8.0 2.0 -9.0 -8.0 0.74464312 -444.9144371
-8.0 1.0 3.0 -3.0 -0.361615432 -34.0363111
-5.0 -1.0 -2.0 -4.0 0.78950374 -26.58014959
-5.0 -8.0 5.0 0.0 -0.83049737 40.0
0 0