6 40 3
184244	-7216	-171319	-151764	7525	-6337	7.85773E+26
-62799	131042	37575	-34193	11236	5524	6.84217E+26
147564	-109108	168312	155907	-11947	-5492	4.42755E+26
6515	-23784	-27540	71371	-12284	-10320	2.73281E+27
-147772	-82249	-125302	-118884	8635	11577	6.73607E+27
-136587	43337	-129281	29397	11617	-2781	5.06513E+26
38249	-109036	-176431	-38747	8817	-1975	7.1764E+26
-113637	-155221	-58773	112064	-411	-10643	9.43141E+26
-4365	76801	-137398	55101	11735	10500	6.70301E+26
46865	-45008	146233	44354	-1230	-2318	1.55439E+27
-15572	-174212	130516	149516	10048	12391	1.14578E+27
-58262	41370	-167508	114198	-4234	-10972	3.27498E+26
165106	15632	-14892	-116288	-4558	-11997	8.95239E+26
12850	-177907	-183836	-183045	-4434	11171	7.98624E+26
-60441	-147067	-35356	-32138	-8317	-4646	3.88628E+27
-22352	183481	-97754	-179464	8561	6634	5.96473E+26
76519	129224	-55296	-164802	4857	-12583	1.94085E+27
150029	115371	-55781	-176700	10239	-7552	1.81271E+27
68073	-177672	116171	17276	-9245	-10500	4.16909E+26
107485	65827	-158691	-119906	-7488	-5695	9.02145E+27
-86864	-124325	-28606	-188303	10055	-6536	1.07629E+27
166610	-188963	135619	-115680	-11707	2123	1.54159E+26
-93448	-12461	97935	-52568	10477	6589	1.00104E+27
-131470	-61525	-123407	39562	10678	6205	9.29595E+26
-180801	151405	10404	-143907	-12700	-5213	2.17952E+26
-3606	-1189	-7930	-72982	9378	-7173	6.48459E+27
-148738	-75736	-27792	-8744	-8002	3302	5.0268E+27
-168738	167508	140563	64478	-8392	-7884	2.46154E+26
-60097	122756	4960	66888	3105	-8575	7.82092E+26
-106488	-27690	161575	-84649	-8223	4956	4.3659E+26
160712	-145309	109869	23486	-10876	3862	2.8872E+26
-156481	-138174	99314	18835	6129	-3050	4.24222E+27
-96605	-75787	135558	69472	-7155	5937	5.88387E+27
72527	-103536	3557	116110	-6120	-1771	6.69688E+26
47441	82438	45195	112955	11792	-10064	4.64823E+27
24756	75131	177955	-41914	9098	-5716	5.7252E+26
49092	-163786	175223	148520	7182	-3649	6.33957E+26
-123082	49038	49906	-41464	-6129	12022	7.63786E+26
-6603	78021	38388	173895	10315	-10595	1.12692E+27
-30787	119815	-63758	-82830	-11695	12040	1.23922E+27
6.67408E-11 6.67408E-11
5.972E+24 5.972E+24
7.34E+22 7.34E+22