1 40 3
0.5700000	0.4693120
-0.9300000	0.6147810
0.4100000	0.4339230
0.3200000	0.4199000
0.2800000	0.4148910
0.0300000	0.3991220
0.2800000	0.4148910
0.3700000	0.4272060
-0.1200000	0.4018250
-0.6900000	0.5061670
-0.1200000	0.4018250
-0.6300000	0.4865150
0.4000000	0.4321690
0.1100000	0.4013630
0.4300000	0.4375830
0.2600000	0.4126570
-0.7500000	0.5285130
0.8400000	0.5677130
-0.3900000	0.4304650
0.5100000	0.4543500
0.6300000	0.4865150
0.2400000	0.4105990
0.9700000	0.6385930
0.2400000	0.4105990
-0.4600000	0.4434640
-0.4200000	0.4357270
0.7900000	0.5450440
-0.3200000	0.4199000
-0.6800000	0.5027120
0.8700000	0.5824640
0.2300000	0.4096350
-0.1100000	0.4013630
0.5200000	0.4566950
0.6700000	0.4993300
0.9900000	0.6512330
-0.6300000	0.4865150
-0.1200000	0.4018250
0.4300000	0.4375830
-0.0300000	0.3991220
-0.7100000	0.5133030
2 2
2.718281828 2.718281828
3.141592654 3.141592654