2 40 4
4.88402E+18	38	3.03991E+25
1.66661E+18	60	4.16086E+24
8.64731E+18	14	3.9653E+26
4.89935E+18	95	4.87913E+24
9.54319E+18	51	3.29764E+25
2.27107E+18	74	3.7275E+24
5.56046E+18	37	3.65055E+25
7.38045E+18	5	2.65334E+27
5.85895E+18	89	6.64799E+24
6.72731E+18	7	1.23395E+27
5.2407E+18	91	5.68797E+24
9.39576E+18	18	2.60638E+26
4.69944E+18	53	1.50364E+25
6.00256E+18	98	5.61739E+24
8.57748E+18	33	7.07917E+25
5.52833E+17	33	4.56265E+24
5.16204E+18	34	4.01342E+25
2.82115E+16	16	9.90461E+23
2.5968E+18	31	2.42865E+25
6.08992E+18	33	5.02613E+25
4.19307E+18	34	3.26006E+25
6.49481E+18	21	1.32367E+26
8.01708E+18	17	2.49327E+26
7.10888E+18	43	3.45553E+25
6.42243E+18	71	1.14507E+25
6.2443E+18	63	1.41401E+25
5.51262E+18	69	1.04066E+25
1.01747E+18	56	2.91607E+24
8.24889E+18	61	1.99245E+25
5.99491E+18	39	3.54245E+25
4.1814E+18	1	3.75814E+28
9.79156E+18	28	1.1225E+26
7.63455E+18	100	6.86174E+24
2.15177E+18	61	5.19741E+24
1.6399E+17	61	3.96102E+23
1.68359E+18	55	5.0022E+24
5.34145E+18	23	9.07515E+25
6.68982E+17	66	1.38031E+24
8.53327E+18	77	1.29355E+25
1.45115E+18	96	1.41521E+24
3.1415926535 3.1415926535
8.854 8.854
1 4
1000000000000 10000000000000