5 80 1
-4.0 -6.0 -7.0 -3.0 0.651833771 -30.75403677
1.0 2.0 2.0 4.0 0.089878549 2.719028394
1.0 6.0 -6.0 2.0 0.666869635 -2.00243562
0.0 -10.0 -10.0 10.0 -0.443948107 0.0
-5.0 4.0 -8.0 -5.0 -0.564642473 92.92849468
-2.0 -1.0 10.0 0.0 0.398609328 2.0
0.0 10.0 10.0 9.0 0.237702626 0.0
7.0 7.0 -9.0 -6.0 0.416870802 206.5771633
-5.0 5.0 9.0 -3.0 -0.218229623 -54.46099912
-6.0 -8.0 9.0 -2.0 -0.539632049 -10.28026126
-5.0 -5.0 8.0 5.0 -0.74464312 173.928624
3.0 -10.0 5.0 -6.0 -0.276355649 -5.127991629
-2.0 1.0 8.0 -8.0 0.674287912 84.30885269
2.0 -10.0 -9.0 -4.0 0.342897807 4.688642137
-1.0 0.0 -9.0 -5.0 0.227977524 -10.25898856
8.0 2.0 -3.0 5.0 0.836025979 -84.32311743
6.0 9.0 -8.0 0.0 0.581035161 54.0
-1.0 -2.0 -9.0 3.0 -0.389418342 -8.514295242
-6.0 7.0 -5.0 3.0 0.8075581 30.68022904
-8.0 -4.0 -10.0 3.0 0.129634143 63.11219423
-3.0 -10.0 -7.0 3.0 -0.198669331 17.48383216
5.0 -5.0 -2.0 -5.0 0.218229623 -14.08851885
-4.0 -2.0 4.0 8.0 0.68163876 -79.24976128
-10.0 9.0 2.0 1.0 -0.581035161 -78.37929679
10.0 -2.0 6.0 8.0 0.620985987 278.0732738
9.0 7.0 8.0 -1.0 0.109778301 55.09596234
10.0 -2.0 -9.0 4.0 0.139543115 -70.23552127
9.0 -2.0 9.0 6.0 -0.069942847 -51.99222381
10.0 7.0 7.0 3.0 -0.703279419 -77.68867803
6.0 -9.0 -7.0 1.0 -0.285952225 -41.99000655
10.0 7.0 0.0 -10.0 0.836025979 70.0
8.0 1.0 10.0 -4.0 -0.159318207 58.98182612
-4.0 10.0 4.0 -4.0 -0.361615432 -63.14338765
8.0 2.0 0.0 -7.0 0.724287174 16.0
8.0 -4.0 5.0 8.0 -0.266731437 -117.3540597
5.0 -9.0 3.0 -5.0 0.696135239 -97.2101429
-5.0 0.0 -9.0 -6.0 -0.407760453 110.0953223
4.0 7.0 6.0 9.0 -0.703279419 -123.9083545
1.0 -9.0 5.0 -10.0 -0.039989334 -7.000533291
9.0 -9.0 -2.0 7.0 -0.514135992 -16.21886505
-2.0 -9.0 -9.0 5.0 0.659384672 77.34462048
-3.0 6.0 -5.0 -6.0 0.696135239 -80.65217148
8.0 -2.0 2.0 7.0 -0.57286746 -80.16115553
-2.0 -9.0 8.0 0.0 -0.049979169 18.0
6.0 8.0 -4.0 5.0 -0.83049737 147.6596845
-7.0 -6.0 1.0 -3.0 0.717356091 57.06447791
-10.0 -6.0 3.0 1.0 0.514135992 44.57592025
2.0 10.0 6.0 -7.0 0.636537182 -33.46912331
-10.0 4.0 6.0 3.0 0.824885713 -188.4794284
9.0 6.0 -2.0 9.0 0.505533341 -27.89640128
8.0 -6.0 1.0 2.0 -0.589144758 -57.42631613
7.0 1.0 -10.0 -1.0 -0.564642473 -32.52497314
-3.0 1.0 -7.0 1.0 0.352274233 4.397758899
2.0 -1.0 3.0 -7.0 0.488177247 -22.50344437
-10.0 4.0 -5.0 2.0 -0.556361023 -95.63610229
3.0 -5.0 8.0 10.0 -0.674287912 -176.8290988
0.0 -10.0 0.0 5.0 -0.505533341 0.0
8.0 10.0 8.0 -4.0 0.496880138 -47.20131529
3.0 -4.0 -5.0 -10.0 0.342897807 39.43467112
-6.0 0.0 3.0 8.0 0.74464312 -107.2286093
-3.0 -10.0 -10.0 3.0 0.737931371 96.4138234
-1.0 4.0 -3.0 6.0 0.285952225 1.147140052
-5.0 -5.0 -4.0 -8.0 -0.717356091 139.7769745
-8.0 -7.0 7.0 -5.0 0.564642473 214.0998926
-8.0 -3.0 -10.0 -2.0 0.824885713 -107.9817141
5.0 1.0 -9.0 5.0 0.703279419 -153.2378693
8.0 4.0 2.0 2.0 0.285952225 41.1504712
-6.0 -8.0 8.0 2.0 -0.605186406 106.097895
3.0 10.0 -4.0 2.0 0.613116852 15.28519555
2.0 -5.0 5.0 0.0 0.266731437 -10.0
9.0 -7.0 3.0 -8.0 -0.314566561 4.946377093
-9.0 2.0 -10.0 -9.0 0.461779176 -392.0411322
-2.0 -6.0 -10.0 8.0 -0.089878549 -2.380567872
-9.0 1.0 -10.0 -3.0 0.361615432 -106.6361666
10.0 -9.0 0.0 8.0 0.78950374 -90.0
2.0 -2.0 -1.0 4.0 0.079914694 -4.639317552
-1.0 -6.0 -6.0 8.0 0.461779176 28.16540043
5.0 4.0 5.0 -3.0 0.505533341 -17.91500059
1.0 10.0 2.0 -8.0 -0.425939465 16.81503144
-2.0 -9.0 2.0 7.0 -0.514135992 32.39580777
0 0