2	20
-78.000000	36.000000	-2671.607537
34.000000	-42.000000	-1393.509613
64.000000	-40.000000	-2624.746830
24.000000	-54.000000	-1195.633345
34.000000	-30.000000	-1024.701712
-42.000000	-96.000000	4456.301171
-56.000000	16.000000	-765.911857
38.000000	34.000000	1086.701712
86.000000	12.000000	748.117478
-78.000000	-16.000000	1539.177038
-42.000000	46.000000	-1935.158797
-58.000000	-62.000000	3966.994292
68.000000	-26.000000	-1884.064243
96.000000	-52.000000	-5114.579263
-70.000000	40.000000	-2700.858977
-74.000000	-48.000000	3926.595051
82.000000	60.000000	4504.853909
12.000000	46.000000	387.299695
24.000000	40.000000	775.911857
92.000000	62.000000	5252.771458
