2	30
-135.000000	-75.000000	-0.488724
102.000000	-69.000000	5.929508
-42.000000	-135.000000	-5.477616
-12.000000	-63.000000	3.174032
-111.000000	21.000000	-2.841241
-78.000000	135.000000	3.071806
96.000000	-15.000000	-4.483318
-108.000000	51.000000	-4.127053
-48.000000	42.000000	-1.843743
-21.000000	0.000000	-5.019934
111.000000	-126.000000	-4.896737
78.000000	84.000000	-2.097105
114.000000	102.000000	0.478457
-141.000000	3.000000	2.157222
12.000000	147.000000	2.553453
-54.000000	30.000000	0.517164
78.000000	54.000000	-2.557484
-33.000000	-114.000000	-3.716796
-72.000000	108.000000	-0.571879
132.000000	-33.000000	-0.004229
135.000000	60.000000	-0.504981
-48.000000	84.000000	-3.134587
51.000000	-147.000000	-3.189499
141.000000	-144.000000	1.898255
-99.000000	126.000000	5.659412
6.000000	18.000000	-1.107016
-147.000000	90.000000	1.637379
108.000000	-27.000000	-1.624558
45.000000	117.000000	-3.696821
-18.000000	-93.000000	1.430309
