2	20
-78.000000	36.000000	0.394623
34.000000	-42.000000	-1.269752
64.000000	-40.000000	-3.681602
24.000000	-54.000000	4.506030
34.000000	-30.000000	0.489671
-42.000000	-96.000000	-0.992210
-56.000000	16.000000	-2.996810
38.000000	34.000000	-1.508937
86.000000	12.000000	-4.675584
-78.000000	-16.000000	2.953298
-42.000000	46.000000	-2.376602
-58.000000	-62.000000	-4.012241
68.000000	-26.000000	-3.485321
96.000000	-52.000000	-0.961894
-70.000000	40.000000	3.096823
-74.000000	-48.000000	-3.783815
82.000000	60.000000	-1.789939
12.000000	46.000000	1.391370
24.000000	40.000000	3.623788
92.000000	62.000000	-3.149856
