3	30
-54.000000	30.000000	78.000000	2.205729
54.000000	-33.000000	-114.000000	-3.816053
-72.000000	108.000000	132.000000	0.299954
-33.000000	135.000000	60.000000	0.076792
-48.000000	84.000000	51.000000	0.179598
-147.000000	141.000000	-144.000000	-0.206259
-99.000000	126.000000	6.000000	0.008668
18.000000	-147.000000	90.000000	0.262564
108.000000	-27.000000	45.000000	1.976988
117.000000	-18.000000	-93.000000	-9.435791
-30.000000	-63.000000	-57.000000	-0.339758
-99.000000	141.000000	63.000000	0.085832
93.000000	75.000000	-123.000000	-0.733044
-69.000000	51.000000	18.000000	0.173740
141.000000	9.000000	108.000000	42.352276
45.000000	-132.000000	99.000000	0.212121
-93.000000	-78.000000	-66.000000	-0.301507
63.000000	-54.000000	-63.000000	-0.770246
-141.000000	-93.000000	60.000000	0.192450
54.000000	-126.000000	-105.000000	-0.241273
-30.000000	-3.000000	138.000000	353.916667
-81.000000	-96.000000	-15.000000	-0.046932
-12.000000	3.000000	-87.000000	-173.333333
15.000000	87.000000	114.000000	1.254063
42.000000	-66.000000	-27.000000	-0.247073
0.000000	129.000000	-150.000000	-0.027222
-48.000000	42.000000	-78.000000	-1.135057
-108.000000	111.000000	18.000000	0.038236
-21.000000	123.000000	-69.000000	-0.098508
45.000000	27.000000	-42.000000	-2.224574
