2	50 1
130.000000	-230.000000	-29590.695299
-35.000000	65.000000	-2354.545425
-185.000000	-60.000000	11845.526442
-220.000000	-50.000000	11820.526442
-230.000000	-160.000000	37977.015620
-110.000000	190.000000	-21129.032175
95.000000	-165.000000	-15454.428434
-165.000000	230.000000	-38134.007619
-130.000000	-35.000000	5052.001551
100.000000	165.000000	15712.812268
200.000000	245.000000	47672.331094
110.000000	-125.000000	-13697.952675
-30.000000	200.000000	-6499.739335
-225.000000	-55.000000	13225.672055
20.000000	180.000000	3010.811361
95.000000	160.000000	14445.512028
-40.000000	70.000000	-2882.840241
235.000000	-215.000000	-50576.132904
25.000000	-230.000000	-5127.043822
-10.000000	-195.000000	2575.117178
-140.000000	-110.000000	16157.152021
245.000000	-35.000000	-9194.797252
-20.000000	90.000000	-2001.052741
-50.000000	-140.000000	7577.940709
-195.000000	-200.000000	40194.666466
-225.000000	-245.000000	56545.776331
55.000000	-100.000000	-5357.673806
140.000000	-225.000000	-31234.031874
-150.000000	-70.000000	11167.016196
-30.000000	-120.000000	4058.965320
-140.000000	75.000000	-10297.902649
-210.000000	-170.000000	36850.925893
160.000000	40.000000	5807.160326
-130.000000	-65.000000	9043.422692
60.000000	-130.000000	-7582.907124
-250.000000	-70.000000	18469.296595
10.000000	245.000000	1695.525273
145.000000	0.000000	-424.007072
90.000000	105.000000	8874.965316
115.000000	-95.000000	-10975.425983
155.000000	-100.000000	-15657.464575
-85.000000	220.000000	-19094.879723
50.000000	65.000000	2912.941425
245.000000	155.000000	36782.129263
245.000000	230.000000	54933.586671
45.000000	115.000000	4705.839745
-185.000000	90.000000	-16354.870072
200.000000	225.000000	43733.448235
-120.000000	80.000000	-9469.596344
170.000000	-50.000000	-8849.279093
-5 5