3	20
-42.000000	-96.000000	-56.000000	-0.153433
16.000000	38.000000	34.000000	1.713989
86.000000	12.000000	-78.000000	-18.407346
-16.000000	-42.000000	46.000000	0.500392
-58.000000	-62.000000	68.000000	0.453686
-26.000000	96.000000	-52.000000	-0.129395
-70.000000	40.000000	-74.000000	-1.248047
-48.000000	82.000000	60.000000	0.222389
12.000000	46.000000	24.000000	1.793478
40.000000	92.000000	62.000000	0.281073
-90.000000	-50.000000	68.000000	0.731640
-46.000000	-28.000000	-90.000000	-2.922513
-8.000000	-42.000000	-74.000000	-0.637755
14.000000	-52.000000	90.000000	3.209135
64.000000	-10.000000	-72.000000	-25.550000
34.000000	-32.000000	28.000000	1.087646
-14.000000	0.000000	74.000000	inf
-84.000000	52.000000	56.000000	0.551783
76.000000	68.000000	-94.000000	-0.700397
2.000000	8.000000	98.000000	-5.683594
