2	50
130.000000	-230.000000	-97200815.000000
-35.000000	65.000000	2206785.000000
-185.000000	-60.000000	-1454215.000000
-220.000000	-50.000000	-612815.000000
-230.000000	-160.000000	-32344815.000000
-110.000000	190.000000	54968785.000000
95.000000	-165.000000	-35864815.000000
-165.000000	230.000000	97553785.000000
-130.000000	-35.000000	-207815.000000
100.000000	165.000000	36016985.000000
200.000000	245.000000	117968985.000000
110.000000	-125.000000	-15528215.000000
-30.000000	200.000000	64007185.000000
-225.000000	-55.000000	-926015.000000
20.000000	180.000000	46659185.000000
95.000000	160.000000	32840185.000000
-40.000000	70.000000	2756785.000000
235.000000	-215.000000	-79065215.000000
25.000000	-230.000000	-97331015.000000
-10.000000	-195.000000	-59318215.000000
-140.000000	-110.000000	-10491215.000000
245.000000	-35.000000	137185.000000
-20.000000	90.000000	5835185.000000
-50.000000	-140.000000	-21932015.000000
-195.000000	-200.000000	-63695815.000000
-225.000000	-245.000000	-117244015.000000
55.000000	-100.000000	-7975815.000000
140.000000	-225.000000	-90968215.000000
-150.000000	-70.000000	-2564015.000000
-30.000000	-120.000000	-13816815.000000
-140.000000	75.000000	3531785.000000
-210.000000	-170.000000	-38951215.000000
160.000000	40.000000	716785.000000
-130.000000	-65.000000	-2061815.000000
60.000000	-130.000000	-17547215.000000
-250.000000	-70.000000	-2244015.000000
10.000000	245.000000	117649785.000000
145.000000	0.000000	168185.000000
90.000000	105.000000	9325785.000000
115.000000	-95.000000	-6753215.000000
155.000000	-100.000000	-7807815.000000
-85.000000	220.000000	85241785.000000
50.000000	65.000000	2216985.000000
245.000000	155.000000	30271185.000000
245.000000	230.000000	97816185.000000
45.000000	115.000000	12183185.000000
-185.000000	90.000000	6105785.000000
200.000000	225.000000	91444985.000000
-120.000000	80.000000	4211185.000000
170.000000	-50.000000	-768815.000000
