2	40
-40.000000	-84.000000	6486870.800000
-76.000000	-132.000000	83985045.200000
188.000000	84.000000	3114361151.600000
124.000000	100.000000	588579658.800000
-164.000000	-92.000000	1814225655.600000
68.000000	24.000000	53044925.600000
188.000000	12.000000	3114357818.000000
144.000000	60.000000	1071074158.800000
-176.000000	132.000000	2405877236.400000
-124.000000	-104.000000	593537636.000000
-88.000000	84.000000	150813138.800000
-72.000000	-84.000000	67673533.200000
-188.000000	-124.000000	3131641812.400000
80.000000	72.000000	101736869.600000
-168.000000	-140.000000	1997659599.600000
-40.000000	-4.000000	6483214.800000
184.000000	-108.000000	2857479500.400000
-128.000000	-20.000000	673815171.600000
-16.000000	4.000000	169166.000000
-116.000000	20.000000	454689170.800000
116.000000	152.000000	450641968.800000
56.000000	-88.000000	24361960.800000
-36.000000	0.000000	4259692.800000
172.000000	-200.000000	2181437997.600000
-64.000000	56.000000	42285300.000000
-104.000000	-144.000000	293937576.000000
148.000000	24.000000	1195248957.600000
-28.000000	164.000000	1578346.800000
-92.000000	60.000000	180112232.400000
36.000000	-56.000000	4140050.400000
-72.000000	4.000000	67669863.600000
-52.000000	-88.000000	18465852.000000
100.000000	-172.000000	248715084.400000
96.000000	-116.000000	211193408.400000
32.000000	180.000000	2594735.600000
-84.000000	-52.000000	125239795.600000
-60.000000	172.000000	32695299.600000
-128.000000	-88.000000	673818959.200000
-28.000000	-156.000000	1577610.800000
-88.000000	-84.000000	150813424.400000
