2	20
-78.000000	36.000000	421905.000000
34.000000	-42.000000	-583471.000000
64.000000	-40.000000	-479247.000000
24.000000	-54.000000	-1255119.000000
34.000000	-30.000000	-206767.000000
-42.000000	-96.000000	-7063791.000000
-56.000000	16.000000	57841.000000
38.000000	34.000000	325969.000000
86.000000	12.000000	72977.000000
-78.000000	-16.000000	15889.000000
-42.000000	46.000000	792785.000000
-58.000000	-62.000000	-1879727.000000
68.000000	-26.000000	-103631.000000
96.000000	-52.000000	-1051151.000000
-70.000000	40.000000	551185.000000
-74.000000	-48.000000	-840943.000000
82.000000	60.000000	1781777.000000
12.000000	46.000000	779825.000000
24.000000	40.000000	516593.000000
92.000000	62.000000	1974321.000000
