2	30
-135.000000	-75.000000	-3229215.000000
102.000000	-69.000000	-2544855.000000
-42.000000	-135.000000	-19668903.000000
-12.000000	-63.000000	-1999239.000000
-111.000000	21.000000	172641.000000
-78.000000	135.000000	19731657.000000
96.000000	-15.000000	46713.000000
-108.000000	51.000000	1154505.000000
-48.000000	42.000000	611121.000000
-21.000000	0.000000	3513.000000
111.000000	-126.000000	-15904455.000000
78.000000	84.000000	4790289.000000
114.000000	102.000000	8593617.000000
-141.000000	3.000000	159249.000000
12.000000	147.000000	25413321.000000
-54.000000	30.000000	239313.000000
78.000000	54.000000	1308369.000000
-33.000000	-114.000000	-11843655.000000
-72.000000	108.000000	10119153.000000
132.000000	-33.000000	-148119.000000
135.000000	60.000000	1873785.000000
-48.000000	84.000000	4760049.000000
51.000000	-147.000000	-25391391.000000
141.000000	-144.000000	-23728839.000000
-99.000000	126.000000	16081401.000000
6.000000	18.000000	46929.000000
-147.000000	90.000000	6004857.000000
108.000000	-27.000000	-64167.000000
45.000000	117.000000	12829089.000000
-18.000000	-93.000000	-6432279.000000
