2	20
-78.000000	36.000000	93155144.400000
34.000000	-42.000000	3290698.200000
64.000000	-40.000000	41603120.800000
24.000000	-54.000000	813018.600000
34.000000	-30.000000	3290245.800000
-42.000000	-96.000000	7880325.600000
-56.000000	16.000000	24814641.600000
38.000000	34.000000	5142026.600000
86.000000	12.000000	135925218.800000
-78.000000	-16.000000	93154712.800000
-42.000000	46.000000	7876534.200000
-58.000000	-62.000000	28546913.000000
68.000000	-26.000000	53045060.600000
96.000000	-52.000000	211187923.600000
-70.000000	40.000000	60471632.000000
-74.000000	-48.000000	75494464.800000
82.000000	60.000000	112315359.600000
12.000000	46.000000	50573.400000
24.000000	40.000000	812200.800000
92.000000	62.000000	178087762.200000
