2	50 2
130.000000	-230.000000	711195741.000000
-35.000000	65.000000	3809302.000000
-185.000000	-60.000000	2936609577.000000
-220.000000	-50.000000	5870243735.000000
-230.000000	-160.000000	7011855172.000000
-110.000000	190.000000	367773027.000000
95.000000	-165.000000	202525868.000000
-165.000000	230.000000	1858867384.000000
-130.000000	-35.000000	716881772.000000
100.000000	165.000000	248713332.000000
200.000000	245.000000	3989629596.000000
110.000000	-125.000000	364302725.000000
-30.000000	200.000000	2079760.000000
-225.000000	-55.000000	6422035981.000000
20.000000	180.000000	405494.000000
95.000000	160.000000	202524503.000000
-40.000000	70.000000	6485531.000000
235.000000	-215.000000	7607653803.000000
25.000000	-230.000000	983091.000000
-10.000000	-195.000000	45644.000000
-140.000000	-110.000000	963973437.000000
245.000000	-35.000000	8988384272.000000
-20.000000	90.000000	414297.000000
-50.000000	-140.000000	15797538.000000
-195.000000	-200.000000	3624411240.000000
-225.000000	-245.000000	6422064804.000000
55.000000	-100.000000	22665445.000000
140.000000	-225.000000	956858495.000000
-150.000000	-70.000000	1270015069.000000
-30.000000	-120.000000	2067504.000000
-140.000000	75.000000	963969885.000000
-210.000000	-170.000000	4874079039.000000
160.000000	40.000000	1633075932.000000
-130.000000	-65.000000	716883323.000000
60.000000	-130.000000	32127871.000000
-250.000000	-70.000000	9785940069.000000
10.000000	245.000000	53296.000000
145.000000	0.000000	1101163350.000000
90.000000	105.000000	163082634.000000
115.000000	-95.000000	435279099.000000
155.000000	-100.000000	1438165695.000000
-85.000000	220.000000	131323751.000000
50.000000	65.000000	15464502.000000
245.000000	155.000000	8988395349.000000
245.000000	230.000000	8988409659.000000
45.000000	115.000000	10139517.000000
-185.000000	90.000000	2936611572.000000
200.000000	225.000000	3989624930.000000
-120.000000	80.000000	520649464.000000
170.000000	-50.000000	2081639435.000000
1 10
0.1 0.1