2	30
-135.000000	-75.000000	833577990.000000
102.000000	-69.000000	269230967.400000
-42.000000	-135.000000	7884896.400000
-12.000000	-63.000000	56178.000000
-111.000000	21.000000	381295707.600000
-78.000000	135.000000	93163440.600000
96.000000	-15.000000	211186621.200000
-108.000000	51.000000	341761079.400000
-48.000000	42.000000	13415620.200000
-21.000000	0.000000	498241.800000
111.000000	-126.000000	377747834.400000
78.000000	84.000000	91924107.600000
114.000000	102.000000	420319061.400000
-141.000000	3.000000	991779589.200000
12.000000	147.000000	60148.200000
-54.000000	30.000000	21462742.200000
78.000000	54.000000	91922088.600000
-33.000000	-114.000000	3018212.400000
-72.000000	108.000000	67675510.800000
132.000000	-33.000000	756000082.200000
135.000000	60.000000	827179773.000000
-48.000000	84.000000	13418194.800000
51.000000	-147.000000	16751610.600000
141.000000	-144.000000	984501828.000000
-99.000000	126.000000	241418115.000000
6.000000	18.000000	3090.600000
-147.000000	90.000000	1171505579.400000
108.000000	-27.000000	338485024.800000
45.000000	117.000000	10139745.600000
-18.000000	-93.000000	274504.200000
