1	50 1
225	1145657420093
100	19703950593
-80	-6678560487
140	106423198833
85	8719925253
-245	-1776338434227
235	1424308528653
-240	-1602533665447
-165	-246837913747
210	811022594753
10	173553
30	46273673
-245	-1776338434227
150	150369638393
180	374787487073
-45	-381733027
75	4652831693
195	559593012413
-30	-51142687
-155	-180678812187
-50	-644262807
-105	-25894969387
-95	-15723445827
-165	-246837913747
235	1424308528653
105	25165555373
155	177215368173
125	60310469493
-205	-729434229987
-115	-40757995947
85	8719925253
30	46273673
235	1424308528653
15	1379333
180	374787487073
75	4652831693
-220	-1037796915327
165	242390437733
-155	-180678812187
-130	-75124303287
-110	-32654815167
105	25165555373
-90	-12009587047
-105	-25894969387
-235	-1442607884667
-155	-180678812187
100	19703950593
90	11615846033
-210	-822691895767
-175	-331096982307
1 10