1	50 1
225	50625
100	10000
-80	6400
140	19600
85	7225
-245	60025
235	55225
-240	57600
-165	27225
210	44100
10	100
30	900
-245	60025
150	22500
180	32400
-45	2025
75	5625
195	38025
-30	900
-155	24025
-50	2500
-105	11025
-95	9025
-165	27225
235	55225
105	11025
155	24025
125	15625
-205	42025
-115	13225
85	7225
30	900
235	55225
15	225
180	32400
75	5625
-220	48400
165	27225
-155	24025
-130	16900
-110	12100
105	11025
-90	8100
-105	11025
-235	55225
-155	24025
100	10000
90	8100
-10000000000‬	100000000000000000000‬
10000000000‬	100000000000000000000‬
1 10