6 20 4
185282	89497	116600	6222	-7036	2288	1.36421E+27
-175624	184795	36905	-147261	-3723	2215	1.78546E+26
71560	-125193	-74725	-172053	-11666	891	6.05175E+26
-138950	85806	-10098	100501	5045	10551	4.66017E+26
-28716	-185519	-10494	27846	6702	10122	1.12224E+27
166675	87412	160767	132892	-9552	-6891	4.1399E+27
15456	-4060	-98564	-93648	-490	-8344	6.26823E+28
-132610	-138610	-69878	37721	10981	-2744	2.47887E+27
134044	37386	189156	-189900	7728	-5760	1.90953E+26
-185693	13179	-65455	148739	-2819	2398	3.42344E+26
-114633	123986	-931	-157312	11424	-10813	3.5726E+26
-139035	24776	-126182	-146130	-647	11091	1.0689E+27
-17043	138945	-36400	-153306	-7044	-3533	7.69646E+26
-122397	188100	135512	63810	1832	-8998	2.87758E+26
-73579	90413	-148269	27143	-6260	-2568	5.07235E+26
138981	175738	-187546	101652	10609	6048	3.44152E+26
142430	-144456	73043	-80036	11382	7308	2.76639E+26
-20888	-176652	23267	150919	11611	-4356	7.16828E+26
52182	64232	-120521	-51447	9669	-12343	5.41673E+27
123006	-147498	-125374	-7850	1993	-2483	3.36253E+26
6.67408E-2 6.67408E-2
5.972E+24 5.972E+24
7.34E+22 7.34E+22
100000000 100000000