STANDARD
4 80 1
0	4	-1	10	11.70469991
-6	1	0	3	7.615773106
-5	4	6	3	9.486832981
0	-1	-5	5	10.04987562
6	-1	4	-4	10.63014581
-8	3	-7	1	13.60147051
5	1	8	10	4.472135955
-10	0	1	-9	14.14213562
-6	7	3	6	13.34166406
6	-4	3	7	10.77032961
6	2	-10	7	17.4642492
-5	4	-5	-8	9.486832981
2	3	-7	-1	6.08276253
-9	-5	0	-6	7.211102551
10	0	-10	1	14.86606875
-6	9	-10	6	21.9317122
-7	-4	3	0	4.242640687
7	1	-7	-5	6.32455532
-7	-6	8	-2	10.04987562
2	-2	-6	-10	5.656854249
-8	-9	4	0	4.123105626
-3	-2	-7	-2	5.099019514
-6	1	7	-6	14.76482306
3	-8	-3	-1	11.18033989
7	-10	6	-4	19.72308292
-5	2	-2	-9	9.899494937
5	7	-9	2	11.18033989
7	-1	4	3	8.062257748
3	-3	5	-2	9.219544457
-5	2	6	-1	9.899494937
-10	2	-3	-6	12.36931688
-1	-3	-1	-4	3.605551275
-6	2	3	-4	10.63014581
1	5	-6	-1	6.403124237
4	7	-9	10	19.23538406
-8	-1	7	10	7.615773106
5	-10	-9	0	17.49285568
5	-1	-2	-10	10
10	3	8	-7	16.55294536
1	-8	-2	10	15
6	-1	-8	8	17.4642492
-2	0	-2	-9	7.280109889
8	-8	9	-5	21.26029163
-1	-3	0	-6	6.32455532
-2	4	5	-10	16.15549442
0	9	-10	3	15.8113883
-7	-8	8	-2	10.04987562
-6	3	4	9	10.29563014
1	7	-3	2	7.810249676
6	2	5	2	5
-4	6	-1	8	13.45362405
-10	4	1	-6	15.65247584
-3	7	6	2	10.77032961
-10	0	-4	7	14.86606875
7	-10	-3	8	20.24845673
-10	-1	-4	-2	9.219544457
-4	0	-8	5	13.60147051
0	1	3	6	3.16227766
-7	-8	-1	-7	6.08276253
7	10	7	10	4.242640687
8	7	-5	-7	2.236067977
-5	5	2	6	10.77032961
-10	-1	2	-10	15
0	-1	-3	-9	6.08276253
-5	7	-9	8	20.80865205
-6	1	-7	8	16.55294536
-1	3	10	10	4
-2	-3	9	6	3.16227766
9	5	3	-6	9.848857802
-2	1	0	9	9.486832981
-1	-6	10	-1	12.08304597
10	-8	-1	7	19.6977156
0	5	-6	0	7.810249676
-10	-6	-7	-2	6.403124237
-8	6	-7	8	20.51828453
-3	-6	-2	-6	5
7	-5	-6	-4	12.16552506
-3	4	2	9	9.899494937
7	3	8	-1	9.848857802
8	1	-5	6	13.03840481
0 0