STANDARD
2 40 4
6.28E+14	15248	0.160818683
5.97E+14	12738	0.117910337
5.56E+14	58749	1.739394118
5.46E+14	47718	1.366562241
5.31E+14	82920	2.779379556
6.94E+14	69226	1.618378122
4.15E+14	57248	2.403282603
5.22E+14	63196	2.055536744
6.25E+14	85014	2.363588402
5.15E+14	4589	0.004601587
5.82E+14	95538	2.944756481
4.44E+14	4682	0.0106673
4.55E+14	1985	1.66889E-05
6.15E+14	50408	1.256374919
7.45E+14	2691	1.69701E-06
4.5E+14	25084	0.732355981
4.52E+14	55404	2.086598015
6.78E+14	10761	0.051101647
5.41E+14	46836	1.349850491
7.45E+14	84765	1.905806441
4.27E+14	89628	3.892677472
6.96E+14	66750	1.539867825
4.37E+14	92863	3.946609884
7.22E+14	79896	1.841793763
5.39E+14	33269	0.850261589
6.4E+14	89060	2.4282291
4.73E+14	89006	3.442127299
7.16E+14	44179	0.849844466
7.42E+14	5068	0.000888809
4.56E+14	23625	0.655641054
4.59E+14	55984	2.074137605
5.13E+14	57691	1.878702097
4.1E+14	65589	2.858262857
5.17E+14	95005	3.350719799
6.03E+14	78109	2.2298552
5.49E+14	42645	1.169700637
5.36E+14	23766	0.512371563
6.21E+14	27783	0.519936529
5.17E+14	35066	0.971741796
6.62E+14	99644	2.66284586
0.001380649 0.001380649
0.000662607015 0.000662607015
10000000000 10000000000
2.718281828 2.718281828