STANDARD
4 120 1
1	8	-7	4	13,03840481
9	7	-1	-1	2
10	6	-2	-10	8,94427191
8	-5	7	7	13
-1	10	-1	-9	13,60147051
-9	0	5	-6	14,2126704
8	-4	-1	-1	12
-5	-6	3	5	2,236067977
-3	0	-9	-1	8,544003745
10	-3	3	5	13,15294644
4	0	-7	-8	4,123105626
3	1	-1	9	10,19803903
-1	4	-4	5	10,29563014
-9	-2	-3	-6	7,615773106
-2	5	3	-8	13,03840481
-10	-1	2	1	9,055385138
8	10	-8	-6	2,828427125
-1	7	-6	-9	8,544003745
4	10	-7	5	13,41640786
-9	6	-1	-8	16,55294536
-9	0	5	-7	15
-2	6	5	-9	16,1245155
7	5	3	1	2,828427125
9	7	-4	-5	2,236067977
4	3	-3	8	11,04536102
-1	4	-4	-2	5,385164807
-9	-9	8	1	7
-1	1	1	-1	2,828427125
-4	-6	5	2	3,605551275
-7	1	5	-5	12,80624847
1	-8	-2	4	10,81665383
-10	-3	5	-6	13,03840481
1	-9	3	10	12,20655562
-4	0	2	-4	7,211102551
0	10	-1	10	14,86606875
4	5	-9	-1	8,062257748
3	-6	10	-9	21,02379604
2	-4	5	5	6
4	5	-9	7	16,03121954
2	1	-5	-2	3,16227766
9	8	6	1	5,099019514
10	-6	4	-9	20,61552813
-8	6	8	3	14,86606875
7	-6	-1	-9	15,26433752
1	-9	-7	3	14,14213562
-9	1	-3	0	10,44030651
5	4	5	-1	6,08276253
9	-1	1	-5	11,66190379
-7	-3	2	-7	9,848857802
-1	6	1	0	7,071067812
-10	0	-4	3	12,20655562
2	-10	-4	7	16,2788206
9	0	9	-2	14,2126704
-6	2	2	6	8,94427191
3	-1	1	10	9,848857802
7	9	-2	-4	2,828427125
5	-1	-8	10	18,97366596
-7	3	-10	-9	10,04987562
-7	1	0	-9	12,04159458
-5	-10	-4	5	10,29563014
-5	1	-8	-8	6
9	2	1	2	7,071067812
-2	1	-7	4	11,40175425
7	1	-4	-10	8,485281374
4	-8	6	9	12,36931688
2	0	4	0	4,472135955
-4	6	-8	-4	10,77032961
8	7	-2	-6	4,123105626
-3	-9	3	-8	12,52996409
1	-2	7	-4	11,40175425
-3	-4	6	0	6,08276253
-2	-6	3	1	4,472135955
-3	-3	7	3	4
5	-8	10	0	16,40121947
10	-4	-10	-1	16,64331698
-9	-5	-7	6	13,60147051
7	-5	-6	-4	12,16552506
-3	4	2	9	9,899494937
7	3	8	-1	9,848857802
8	1	-5	6	13,03840481
0	-10	-4	6	14,14213562
8	10	-1	-6	5,385164807
3	2	-4	-5	1,414213562
8	-4	10	4	13,41640786
-4	1	0	2	5,385164807
-2	4	0	2	6,32455532
9	0	2	8	10,81665383
8	-5	8	-4	17,69180601
-7	9	0	-3	16,2788206
0	0	-10	-7	3
9	-3	2	-1	12,36931688
-9	6	-7	7	20,51828453
2	-5	7	4	7,615773106
3	7	8	8	4
5	-6	-2	4	12,52996409
-6	4	-5	-9	10,77032961
5	5	8	-8	16
-7	8	-10	8	23,43074903
4	-2	6	-3	10,81665383
6	1	4	-8	13
0	-8	7	-9	17,88854382
10	8	-4	9	13,15294644
9	8	6	-7	13,03840481
9	2	-5	-5	7
-4	9	0	6	14,31782106
10	6	-7	-1	7,211102551
-6	7	-9	-4	13,92838828
7	-4	4	2	11,18033989
10	-6	6	-5	19,41648784
-10	-10	7	-9	16
-3	-9	10	8	6,32455532
4	-1	5	-3	9,433981132
6	-6	-6	-4	12,16552506
4	-2	10	-4	15,23154621
3	4	-2	-10	8,062257748
7	0	-2	10	13,89244399
-10	1	-6	-9	11,40175425
0	-7	-4	9	14,76482306
1	-3	6	3	5
4	-9	2	4	13,15294644
0 0