STANDARD
6 10 4
36735	-123021	-107817	-5820	-10462	-3977	8.13388E+26
56153	-105432	-85425	49116	2872	12168	6.60433E+26
-33500	-157435	-50519	-126192	477	3860	1.38666E+27
-84785	141006	135810	-87862	11322	7554	2.89587E+26
-73977	-53764	-43773	7428	3481	1712	9.64497E+27
55912	92524	17731	8003	-6316	-11592	1.99982E+28
-75263	26071	-159736	75435	8096	9269	4.46135E+26
179891	62198	-54787	75315	2088	-8058	9.47358E+26
70007	-17755	-157022	-16942	1122	3206	1.0705E+27
-133378	-80610	-100749	-92026	4630	6570	1.02138E+28
6.67408E-2 6.67408E-2
5.972E+24 5.972E+24
7.34E+22 7.34E+22
1000000000 1000000000