STANDARD
1 80 6
NO_SOLUTION *
3.82E+05	7.38E+01
4.05E+05	8.05E+01
3.95E+05	7.75E+01
3.73E+05	7.12E+01
3.91E+05	7.66E+01
3.81E+05	7.36E+01
3.73E+05	7.13E+01
3.71E+05	7.08E+01
3.90E+05	7.63E+01
4.00E+05	7.90E+01
4.04E+05	8.03E+01
4.01E+05	7.95E+01
4.03E+05	7.99E+01
3.86E+05	7.50E+01
4.02E+05	7.96E+01
3.98E+05	7.87E+01
3.68E+05	6.99E+01
4.04E+05	8.04E+01
4.01E+05	7.94E+01
3.82E+05	7.39E+01
3.92E+05	7.68E+01
3.81E+05	7.35E+01
3.96E+05	7.78E+01
3.86E+05	7.49E+01
3.72E+05	7.08E+01
3.81E+05	7.37E+01
3.69E+05	7.02E+01
3.97E+05	7.84E+01
3.98E+05	7.86E+01
3.87E+05	7.52E+01
3.71E+05	7.07E+01
3.87E+05	7.53E+01
3.93E+05	7.71E+01
3.66E+05	6.92E+01
3.79E+05	7.30E+01
4.02E+05	7.97E+01
3.67E+05	6.95E+01
3.68E+05	6.97E+01
3.89E+05	7.60E+01
3.75E+05	7.19E+01
4.03E+05	8.01E+01
4.00E+05	7.90E+01
3.86E+05	7.50E+01
3.90E+05	7.61E+01
3.96E+05	7.81E+01
3.70E+05	7.05E+01
4.02E+05	7.96E+01
3.83E+05	7.40E+01
3.85E+05	7.48E+01
3.82E+05	7.39E+01
3.89E+05	7.58E+01
3.77E+05	7.24E+01
3.89E+05	7.60E+01
3.93E+05	7.71E+01
4.01E+05	7.95E+01
3.89E+05	7.60E+01
3.73E+05	7.14E+01
3.92E+05	7.69E+01
3.83E+05	7.42E+01
3.72E+05	7.10E+01
3.72E+05	7.09E+01
3.96E+05	7.80E+01
3.80E+05	7.34E+01
4.04E+05	8.03E+01
3.87E+05	7.53E+01
3.95E+05	7.77E+01
3.90E+05	7.62E+01
3.98E+05	7.87E+01
3.88E+05	7.57E+01
4.01E+05	7.96E+01
3.69E+05	7.02E+01
3.93E+05	7.69E+01
4.05E+05	8.06E+01
3.67E+05	6.97E+01
3.81E+05	7.36E+01
3.79E+05	7.30E+01
3.86E+05	7.50E+01
3.94E+05	7.74E+01
4.00E+05	7.90E+01
4.02E+05	7.97E+01
3.1415926535 3.1415926535
0.667408 0.667408
5.972E+14 5.972E+14
7.34E+12 7.34E+12
10000000000 10000000000
2 2