STANDARD
2 80 2
NO_SOLUTION *
9.49E+20	9698	3.16E+12
9.81E+20	9139	3.27E+12
9.27E+20	3201	3.09E+12
6.65E+20	6020	2.22E+12
9.07E+19	9634	3.02E+11
6.01E+19	7170	2.00E+11
7.52E+20	2603	2.51E+12
6.61E+19	8534	2.20E+11
8.30E+19	4139	2.77E+11
3.71E+20	3626	1.24E+12
3.38E+20	7005	1.13E+12
9.12E+20	3493	3.04E+12
1.93E+19	5490	6.43E+10
1.41E+20	9177	4.71E+11
2.79E+20	6119	9.30E+11
8.05E+20	6623	2.68E+12
3.85E+20	3178	1.28E+12
7.78E+20	3568	2.59E+12
6.17E+20	3232	2.06E+12
6.38E+20	2781	2.13E+12
9.90E+20	1537	3.30E+12
8.94E+20	6598	2.98E+12
7.43E+20	4414	2.48E+12
6.87E+20	2649	2.29E+12
3.90E+20	1301	1.30E+12
7.52E+20	2291	2.51E+12
1.17E+20	5541	3.89E+11
7.39E+20	3639	2.46E+12
6.30E+20	3886	2.10E+12
2.86E+20	6886	9.55E+11
8.58E+20	3626	2.86E+12
8.18E+20	9129	2.73E+12
4.80E+20	3069	1.60E+12
9.38E+20	7976	3.13E+12
2.78E+19	9450	9.26E+10
9.73E+20	6403	3.24E+12
7.28E+18	5084	2.43E+10
3.11E+20	5414	1.04E+12
5.58E+20	5718	1.86E+12
4.34E+19	7061	1.45E+11
9.97E+19	2686	3.32E+11
4.53E+20	6094	1.51E+12
8.58E+20	3378	2.86E+12
2.86E+20	9397	9.52E+11
4.77E+20	4027	1.59E+12
3.49E+20	1208	1.16E+12
9.00E+20	2890	3.00E+12
6.29E+20	8847	2.10E+12
9.24E+20	5094	3.08E+12
7.68E+20	6503	2.56E+12
1.70E+20	7600	5.67E+11
8.42E+19	4575	2.81E+11
3.43E+20	2342	1.14E+12
3.47E+20	5009	1.16E+12
3.71E+20	2025	1.24E+12
2.64E+20	8573	8.82E+11
5.64E+20	1695	1.88E+12
7.93E+20	1671	2.64E+12
4.02E+20	8777	1.34E+12
1.69E+20	9293	5.64E+11
6.70E+20	2957	2.23E+12
5.23E+20	7469	1.74E+12
2.06E+19	9250	6.87E+10
6.94E+20	3250	2.31E+12
9.36E+19	1047	3.12E+11
3.79E+20	4787	1.26E+12
7.07E+19	5609	2.36E+11
5.34E+20	9599	1.78E+12
6.66E+20	7461	2.22E+12
5.50E+20	4411	1.83E+12
3.47E+20	1641	1.16E+12
7.73E+20	7479	2.58E+12
2.70E+19	7484	9.00E+10
5.38E+19	8938	1.79E+11
3.96E+19	6723	1.32E+11
1.19E+19	3126	3.95E+10
4.44E+20	8021	1.48E+12
7.41E+20	1922	2.47E+12
3.21E+20	6056	1.07E+12
6.96E+20	3505	2.32E+12
3.141592654 3.141592654
300000000 300000000