HAS_UNITS
UNITS m
4 40 1
m
m
m
m
m
HAS_SOLUTION v0 v1 - a v2 v3 - a + r
-10	1	9	-3	16.2788206
-3	-5	-9	4	13.15294644
-7	2	-10	2	15
4	6	-6	-9	3.605551275
-1	-10	3	-3	10.81665383
2	1	1	-3	4.123105626
2	6	6	-7	13.60147051
-2	4	5	8	6.708203932
6	-4	-3	-8	11.18033989
-4	-10	-8	0	10
-1	-7	6	6	6
-3	3	2	7	7.810249676
5	-8	-2	2	13.60147051
5	-1	0	-10	11.66190379
-9	-9	-9	0	9
1	-4	-9	0	10.29563014
1	-1	8	-1	9.219544457
9	8	6	8	2.236067977
5	-5	3	-1	10.77032961
7	-8	-6	1	16.55294536
2	-6	3	8	9.433981132
-3	10	-10	7	21.40093456
-1	4	10	10	5
0	4	-1	-1	4
10	-6	6	6	16
-4	-2	3	-5	8.246211251
-2	-4	2	-2	4.472135955
-4	7	-5	5	14.86606875
2	-10	4	9	13
4	0	8	10	4.472135955
1	9	10	-9	20.61552813
-8	2	3	-1	10.77032961
1	-7	-8	1	12.04159458
8	8	4	-4	8
5	-7	2	-3	13
-10	-9	-9	-3	6.08276253
5	-3	-6	-7	8.062257748
-3	1	-4	-9	6.403124237
0	-3	7	1	6.708203932
0	-4	4	-2	7.211102551
1 1 *