STANDARD
6 40 1
9	-2	-8	-4	3	-9	-13
9	-2	7	3	1	-10	-7
5	1	-4	7	-8	1	-31
-2	9	3	4	9	5	39
-5	-6	5	-8	7	-7	-59
1	1	4	7	9	4	65
-8	9	-4	2	2	-7	-94
4	10	-5	9	-1	-4	-1
-10	5	-9	6	-4	9	-140
-10	-4	4	0	2	-4	32
-1	5	9	6	8	8	113
5	-9	-4	0	3	10	-15
5	6	8	2	7	-1	39
8	2	-10	0	-5	3	1
6	3	10	-9	4	9	-36
-1	-9	1	-7	-5	6	-28
1	4	-2	-8	3	9	47
-2	-9	-10	5	-2	-6	-20
9	-4	-3	-7	-3	3	-24
10	-9	-5	-3	-9	-2	-57
10	-9	7	8	-4	-10	6
-1	10	-3	3	-5	10	-69
9	8	-3	6	-3	2	48
-9	-2	-4	5	2	10	18
1	-6	10	6	-2	-7	68
-7	0	9	3	-2	-4	35
-4	2	-2	-3	5	-1	-7
5	-6	8	0	6	0	-30
-6	-8	7	-10	-5	3	-37
3	7	10	3	-4	-9	87
0	-10	3	-10	1	8	-22
2	4	0	-6	2	7	22
-4	1	-1	-10	9	3	33
1	4	3	-3	0	-3	-5
2	-1	9	-1	-7	-7	38
-4	-1	10	6	8	-2	48
-5	3	-8	2	-5	8	-71
-8	-4	8	1	-3	-3	49
-4	-6	4	2	-3	4	20
-10	7	2	8	-7	9	-117
0 0