STANDARD
2 20 2
9.50E+20	4413	3.17E+12
2.79E+20	6129	9.31E+11
9.07E+20	7820	3.02E+12
5.58E+20	2626	1.86E+12
3.80E+20	4472	1.27E+12
5.95E+20	7765	1.98E+12
6.79E+20	7313	2.26E+12
9.45E+20	7186	3.15E+12
6.69E+19	7941	2.23E+11
3.94E+20	1890	1.31E+12
3.73E+20	6322	1.24E+12
6.84E+20	4277	2.28E+12
5.41E+20	6834	1.80E+12
4.08E+20	4959	1.36E+12
8.12E+20	3859	2.71E+12
7.37E+20	8624	2.46E+12
3.92E+20	9535	1.31E+12
3.90E+20	8092	1.30E+12
7.05E+20	2845	2.35E+12
6.93E+20	2981	2.31E+12
3.141592654 3.141592654
300000000 300000000