AS_UNITS
UNITS m s kg
6 20 6
m
s
HAS_SOLUTION 4 3.1415926535 a v0 a /  5.972E+4 7.34E+2 10000000000 10000000000 10000000000 + 0.667408 * * * *
3.64E+05	6.88E+01
3.72E+05	7.09E+01
3.69E+05	7.01E+01
3.70E+05	7.04E+01
3.71E+05	7.06E+01
3.86E+05	7.50E+01
4.01E+05	7.94E+01
3.77E+05	7.25E+01
3.86E+05	7.49E+01
3.64E+05	6.86E+01
3.89E+05	7.58E+01
4.01E+05	7.94E+01
3.83E+05	7.42E+01
3.76E+05	7.21E+01
3.80E+05	7.34E+01
3.74E+05	7.15E+01
3.73E+05	7.12E+01
4.05E+05	8.05E+01
3.81E+05	7.36E+01
3.74E+05	7.16E+01
3.1415926535 3.1415926535 *
0.667408 0.667408 m^3 * kg^-1 * s^-2
5.972E+4 5.972E+4 kg
7.34E+2 7.34E+2 kg
10000000000 10000000000 *
2 2 *