AS_UNITS
UNITS c m n
2 20 4
c
m
HAS_SOLUTION v0 / 4 3.1415926535 8.854 v1 a 10000000000 * * * /
6.30912E+18	78	9.32031E+24
2.85178E+18	38	1.775E+25
1.30999E+18	18	3.63391E+25
5.39752E+18	78	7.97363E+24
4.25069E+17	91	4.61346E+23
9.58536E+18	65	2.03907E+25
6.09363E+18	53	1.94973E+25
8.07345E+18	61	1.95007E+25
3.90637E+18	52	1.29843E+25
9.65372E+17	26	1.28351E+25
8.37609E+18	94	8.51993E+24
4.91337E+18	52	1.63314E+25
6.49383E+16	93	6.74816E+22
9.38006E+18	15	3.74692E+26
1.2661E+17	82	1.69235E+23
9.79362E+18	46	4.15985E+25
4.92447E+18	16	1.7289E+26
1.29156E+18	8	1.81379E+26
5.02603E+18	28	5.76182E+25
1.46645E+18	29	1.5672E+25
3.1415926535 3.1415926535 *
8.854 8.854 c^2 * n^-1 * m^-2
4 4 *
10000000000 10000000000 *