STANDARD
2 80 4
NO_SOLUTION *
4.28687E+18	4	2.40808E+27
8.3518E+18	67	1.67217E+25
3.72127E+18	67	7.45061E+24
2.0929E+18	25	3.00967E+25
5.82945E+18	25	8.38297E+25
7.86798E+18	59	2.03147E+25
3.25336E+18	90	3.60992E+24
8.51179E+18	76	1.32448E+25
4.82338E+17	77	7.31173E+23
2.78363E+18	95	2.77213E+24
6.05133E+18	38	3.76647E+25
5.46886E+17	5	1.96611E+26
7.25764E+16	100	6.52298E+22
6.32778E+17	55	1.88008E+24
6.25043E+18	57	1.72906E+25
1.37851E+18	46	5.85523E+24
8.62754E+18	84	1.09895E+25
9.80888E+18	88	1.13843E+25
2.9986E+18	45	1.3309E+25
2.21844E+18	17	6.89922E+25
6.36709E+18	53	2.03723E+25
4.92594E+18	91	5.34635E+24
6.89205E+18	32	6.04921E+25
8.05631E+18	85	1.00219E+25
5.65667E+18	40	3.17754E+25
9.82582E+18	99	9.0105E+24
5.28273E+17	95	5.26092E+23
3.66601E+18	22	6.80767E+25
5.96683E+18	70	1.09446E+25
1.86447E+18	1	1.67574E+28
1.86679E+18	27	2.30155E+25
4.50855E+18	58	1.20457E+25
3.93799E+18	39	2.327E+25
7.86029E+18	83	1.02549E+25
8.93524E+18	1	8.03077E+28
3.00068E+18	65	6.38327E+24
9.1811E+18	98	8.59198E+24
3.54807E+18	95	3.53343E+24
3.69417E+18	30	3.68914E+25
6.00634E+18	26	7.98572E+25
1.10371E+18	22	2.04955E+25
2.95162E+18	13	1.56973E+26
9.72366E+18	4	5.46211E+27
1.20692E+18	71	2.15186E+24
1.70376E+18	12	1.0634E+26
9.54424E+18	37	6.26597E+25
2.85657E+18	36	1.98103E+25
8.74397E+18	80	1.22795E+25
6.8833E+18	3	6.87392E+27
7.87301E+18	66	1.62444E+25
2.46569E+18	68	4.79261E+24
5.36784E+18	60	1.34013E+25
3.83673E+18	46	1.62966E+25
4.50879E+18	72	7.81709E+24
1.38276E+18	58	3.69437E+24
9.45649E+17	33	7.80464E+24
9.51955E+18	69	1.79709E+25
5.98912E+18	38	3.72774E+25
1.2415E+17	61	2.99872E+23
6.44048E+18	73	1.08623E+25
2.22769E+18	24	3.47603E+25
3.16283E+18	1	2.84267E+28
8.41524E+18	37	5.52476E+25
9.57185E+18	60	2.3897E+25
6.26214E+18	28	7.1789E+25
3.13937E+18	59	8.10567E+24
5.78983E+18	2	1.30094E+28
5.62867E+18	6	1.40525E+27
8.33613E+18	71	1.48627E+25
9.92653E+18	60	2.47825E+25
9.37893E+18	67	1.87782E+25
1.83789E+18	93	1.90987E+24
3.71511E+18	90	4.12228E+24
7.24014E+17	93	7.5237E+23
6.15445E+18	89	6.98329E+24
6.88071E+18	47	2.79955E+25
5.80303E+18	47	2.36107E+25
3.96706E+18	46	1.68502E+25
8.3776E+18	54	2.58216E+25
6.5175E+18	95	6.4906E+24
3.1415926535 3.1415926535
8.854 8.854
1 4
1000000000000 10000000000000