AS_UNITS
UNITS rad s m
2 40 2
rad / s
m
rad / m
HAS_SOLUTION v0 a 300000000 a  3.141592654 a v1 a / - /
1.62E+20	3855	5.41E+11
2.85E+20	5347	9.51E+11
1.84E+20	4991	6.12E+11
5.76E+20	3318	1.92E+12
6.47E+20	8021	2.16E+12
4.60E+20	5356	1.53E+12
1.82E+20	1916	6.05E+11
8.53E+20	4357	2.84E+12
4.99E+20	2056	1.66E+12
6.36E+20	7146	2.12E+12
6.11E+19	5774	2.04E+11
2.95E+20	5963	9.84E+11
4.04E+20	5404	1.35E+12
7.85E+20	5921	2.62E+12
3.40E+19	9025	1.13E+11
4.07E+20	4798	1.36E+12
8.04E+20	4462	2.68E+12
9.13E+19	4330	3.04E+11
3.45E+20	4306	1.15E+12
5.96E+20	3989	1.99E+12
2.73E+20	7882	9.10E+11
3.74E+20	3334	1.25E+12
2.68E+20	7249	8.95E+11
4.53E+20	3462	1.51E+12
9.54E+19	5633	3.18E+11
2.96E+20	8141	9.86E+11
2.16E+20	1777	7.20E+11
4.95E+20	8117	1.65E+12
2.33E+20	9439	7.75E+11
7.43E+20	1134	2.48E+12
6.95E+20	6997	2.32E+12
6.84E+20	5837	2.28E+12
5.60E+20	1049	1.87E+12
4.42E+20	9684	1.47E+12
1.47E+20	8930	4.89E+11
1.28E+20	7411	4.27E+11
8.14E+20	8875	2.71E+12
4.25E+20	5198	1.42E+12
8.58E+19	2744	2.86E+11
8.78E+20	7914	2.93E+12
3.141592654 3.141592654 rad
300000000 300000000 m / s