STANDARD
2 80 2
82	288861610	306.4626502
76	63339594	77.75524855
41	268030564	91.52608064
96	266588852	209.8673377
73	166443981	87.77006633
1	67356997	1.026237939
99	93106701	104.1501915
17	37393366	17.13380447
22	166946273	26.48694804
34	242940494	58.02749042
34	275158698	85.64830868
10	175537643	12.33577475
84	122665124	92.05887038
71	274888176	177.9216338
63	130553950	69.9846133
95	208864767	132.4291581
89	17120989	89.14549237
24	22846064	24.06999375
78	39284201	78.67841664
13	248776861	23.29682898
23	82999108	23.93560342
8	109655283	8.59563433
97	144254634	110.6521642
65	280035184	182.0627467
23	171102526	28.01007174
89	98337083	94.21261933
8	297044365	59.21983214
8	27382051	8.033579813
88	197780798	117.0981282
8	86457148	8.354977671
18	113466596	19.4466792
53	112798754	57.20356477
46	173038150	56.33060027
22	31064667	22.11906918
58	239675715	96.55350882
16	282754376	48.14652092
56	105151179	59.79900606
96	76559429	99.29232062
66	12001758	66.05295228
13	278395133	35.03885698
37	237039178	60.43453169
47	285977897	156.6341022
86	123679392	94.40849884
76	70361635	78.18386497
63	255920507	120.9602049
97	232790571	153.9413385
9	105903969	9.620255532
19	29788244	19.09449362
92	268850091	207.9275744
15	188705646	19.30408713
62	84838644	64.64242127
12	127049232	13.24853998
56	291710127	242.807496
39	6208243	39.00836508
80	8635245	80.03320766
16	113317548	17.28214423
90	80287644	93.41220436
75	105158514	80.08873829
25	164774030	29.92541962
53	233358131	84.42583331
63	183060250	79.55336721
95	135405243	106.4797427
57	261017633	115.8811311
22	183245049	27.79723797
64	126051084	70.53814237
47	23891593	47.14996552
64	218358924	93.40512485
29	1256659	29.00025478
43	130198752	47.73693205
87	241738237	147.099608
86	47166382	87.08454507
79	86011093	82.4669174
24	77957752	24.85506145
91	193419443	119.1048886
10	33990714	10.06490247
93	80344043	96.53118573
6	12054092	6.004855968
86	292159553	383.5579382
49	179135101	61.10897016
96	167929054	115.8873741
-1 1
299792458 299792458