STANDARD
6 80 4
60679	150837	-85459	-148805	5662	-7330	2.37657E+27
-13767	-3887	50976	-98853	3738	-938	1.29631E+27
-50125	16111	-47988	64216	-3246	-8816	1.7201E+27
115673	51145	883	32273	-6966	-9998	5.67144E+27
147904	153641	-164151	-41386	1304	9542	1.92825E+27
177815	161460	131494	165643	5028	7856	2.02932E+28
183301	-50881	-139845	-56899	8822	-1786	4.73131E+26
125094	-96152	136251	97491	-11156	-5262	5.79467E+26
185955	-166225	50447	147381	11645	-3749	2.18873E+26
32821	-23622	-43399	-116190	1430	3940	3.44561E+27
-100504	-29772	-184047	-50191	3635	-4802	1.27244E+27
48060	-70008	-120866	14933	-6032	-10843	9.0282E+26
-28456	-66571	36629	69520	-9563	-945	1.1214E+28
131636	15213	-122427	-25985	-4708	4056	1.27574E+27
146453	85086	-25749	84039	-6628	-8587	1.8489E+27
-57516	90985	-143791	146833	3932	-9313	2.74209E+26
-61802	24223	133891	-130657	-5456	7598	3.77216E+26
-110003	-167522	-168440	-61520	7024	-8661	1.95214E+27
36787	-73966	44816	-96503	-1538	9890	9.03843E+26
-12113	113941	-55602	63867	11028	11236	9.69929E+26
-108794	26248	-81532	-15848	-12077	7157	1.27638E+27
-108102	180475	-167311	-151429	9646	-12229	3.48249E+26
170565	-12223	4191	-153485	-10993	12660	4.97266E+26
131257	87769	-175939	-6703	-12694	8621	9.44141E+26
59409	70894	-25948	-66836	5934	4373	1.61975E+28
45413	147365	-132215	157039	2313	7239	3.10943E+26
114787	-187272	-83574	-147272	927	-12261	3.06433E+26
-15670	-14985	190968	-108492	11095	-3821	3.25425E+26
-99897	-172928	92910	-136888	-4537	4083	5.02542E+26
-67386	-131303	-175117	74118	-8504	10801	4.39429E+26
-45446	-37887	157815	191741	8694	-2139	2.20718E+28
173403	-135589	-72825	-116498	811	-11580	2.99943E+26
-129733	-63382	8227	151644	-9995	-9626	1.17158E+27
-6207	-102674	102943	-27939	-1998	6217	1.10384E+27
-81448	124285	185824	-49848	11835	8585	2.98898E+26
93097	164259	-124004	-135429	3332	-12309	5.37864E+27
39907	147373	115506	33774	10726	-11956	1.56083E+27
6384	5552	33950	-91317	9625	-11755	1.81153E+27
-47667	3589	-94940	117383	-4699	-6876	6.13156E+26
57665	36126	-3168	148671	1208	7306	1.24194E+27
-183336	-128068	-100335	-80059	10608	3635	8.32472E+27
40427	-49432	73472	101682	-5644	10402	3.20506E+27
-58294	-110270	14641	-24235	12083	795	6.74048E+27
-98025	366	-42415	172844	-6316	4251	5.2122E+26
185090	81721	-81819	-54385	-2438	-6031	2.55491E+27
-154653	-3871	88240	157692	1022	12437	1.05657E+27
-30924	163545	-63096	-78806	-7941	-8117	7.68566E+26
174301	145753	-24994	20918	2470	-8673	9.6012E+27
-148255	-59036	181058	63698	10500	12221	1.34592E+27
-179520	171443	43286	-27051	-2004	-10143	2.28222E+26
-189763	132210	-185983	-147486	1679	-3076	2.7817E+26
2761	-14767	113732	50495	-11866	-1232	6.62004E+27
-100281	-122614	136860	-149306	6243	-1569	3.54824E+26
66426	-91494	127096	-103518	-4748	-5213	3.74486E+26
-149589	-132361	-24271	-85615	11796	-7926	6.57597E+27
157777	-141414	174649	-166822	-6489	4035	1.4186E+26
-154506	93147	151235	99240	-1740	857	4.56815E+26
-129061	-141885	178823	-109695	-3309	611	3.50691E+26
-156699	-65187	-173422	82936	9625	-4728	3.93749E+26
-160256	44292	-79352	26119	2520	-12669	5.4997E+26
-51508	69721	149709	160389	-3325	3166	1.96971E+27
48207	-178637	-125972	-54265	8869	11571	5.16814E+26
175572	-188504	-67358	-23433	-5806	516	2.17479E+26
143664	-84512	-158213	-40521	4085	10408	4.43563E+26
-40654	31047	-4282	167396	-302	7254	8.43791E+26
178030	-39183	68730	-158340	2719	10199	2.96113E+26
-164180	10683	134986	16754	-5661	-7332	6.56561E+26
169410	-46919	-178710	260	-3889	2379	3.70943E+26
16099	104595	-134534	-77704	246	-8534	2.62657E+27
-145200	128390	55592	8964	7697	10200	3.79784E+26
12936	39907	122135	-100393	-3490	1503	5.81955E+26
103536	-76370	51291	-19884	-11969	6846	7.7424E+26
89056	-137958	-181720	185970	1221	-4154	1.56647E+26
106739	35267	-94285	39693	-3791	-11015	1.26589E+27
17199	81174	-110254	115300	-2542	-971	5.32209E+26
159746	57663	-161686	-106440	-12238	-12524	2.17139E+27
-150600	-157541	129607	-135898	-3001	-10127	4.14431E+26
-129682	-8004	44660	156425	12464	-5896	1.05868E+27
-157993	33590	150010	-109940	-2789	-10208	2.80405E+26
19115	25694	190920	-189742	-3785	-595	2.01822E+26
6.67408E-2 6.67408E-2
5.972E+24 5.972E+24
7.34E+22 7.34E+22
100000000 100000000