STANDARD
2 40 2
31	115980472	33.61765207
97	273349182	236.2130173
34	201195373	45.86210601
83	251134626	151.9761213
54	182964155	68.16733455
92	170574166	111.8737725
22	298738372	262.5802747
83	188566486	106.7643149
68	237298861	111.2724852
42	171932075	51.26934407
72	149614205	83.08639613
8	60195921	8.166315995
27	550184	27.00004547
29	278882363	79.03571834
16	89099325	16.75718682
67	29067160	67.31716401
73	208130428	101.4261491
42	77250162	43.46788294
85	222066286	126.5259208
86	208355236	119.6086705
20	236148391	32.46484297
56	267777641	124.5441876
53	97425433	56.0418287
61	29277141	61.29297857
87	52879024	88.38578518
64	108840873	68.68662055
62	132024174	69.05701124
87	255358777	166.0650169
87	138080568	98.01552779
27	78783701	27.98356852
12	80568790	12.45833765
47	84002390	48.96133654
54	147315356	62.0020456
45	141580001	51.05170653
42	80924135	43.61919391
65	175237723	80.11121839
37	213904270	52.8083146
62	90519794	65.03543493
78	39355024	78.68089715
18	34915907	18.1233371
-1 1
299792458 299792458