STANDARD
1 40 6
3.98E+05	7.85E+01
3.92E+05	7.68E+01
4.00E+05	7.93E+01
4.03E+05	8.00E+01
4.01E+05	7.93E+01
3.82E+05	7.39E+01
3.64E+05	6.88E+01
3.88E+05	7.56E+01
3.70E+05	7.03E+01
3.75E+05	7.19E+01
4.02E+05	7.98E+01
3.72E+05	7.09E+01
3.83E+05	7.42E+01
3.74E+05	7.15E+01
3.79E+05	7.29E+01
3.90E+05	7.62E+01
3.72E+05	7.09E+01
3.78E+05	7.26E+01
3.92E+05	7.68E+01
3.85E+05	7.47E+01
3.96E+05	7.78E+01
4.01E+05	7.95E+01
3.89E+05	7.59E+01
3.68E+05	7.00E+01
4.00E+05	7.90E+01
3.98E+05	7.86E+01
3.69E+05	7.02E+01
3.93E+05	7.72E+01
3.67E+05	6.96E+01
3.93E+05	7.71E+01
3.65E+05	6.89E+01
3.83E+05	7.42E+01
3.74E+05	7.16E+01
3.84E+05	7.44E+01
3.85E+05	7.47E+01
3.81E+05	7.37E+01
3.72E+05	7.10E+01
3.74E+05	7.17E+01
3.97E+05	7.81E+01
3.83E+05	7.42E+01
3.1415926535 3.1415926535
0.667408 0.667408
5.972E+14 5.972E+14
7.34E+12 7.34E+12
10000000000 10000000000
2 2