2	50
130.000000	-230.000000	4.395844
-35.000000	65.000000	-1.444998
-185.000000	-60.000000	1.980759
-220.000000	-50.000000	-0.511811
-230.000000	-160.000000	-3.606302
-110.000000	190.000000	0.017602
95.000000	-165.000000	-0.271953
-165.000000	230.000000	4.715765
-130.000000	-35.000000	-5.043177
100.000000	165.000000	0.201544
200.000000	245.000000	-5.234660
110.000000	-125.000000	-0.209104
-30.000000	200.000000	2.888141
-225.000000	-55.000000	0.123480
20.000000	180.000000	-3.278168
95.000000	160.000000	-3.999661
-40.000000	70.000000	-2.831367
235.000000	-215.000000	0.688985
25.000000	-230.000000	0.625518
-10.000000	-195.000000	3.184556
-140.000000	-110.000000	5.875679
245.000000	-35.000000	0.239727
-20.000000	90.000000	2.454400
-50.000000	-140.000000	-0.311408
-195.000000	-200.000000	-0.641494
-225.000000	-245.000000	5.575112
55.000000	-100.000000	-5.172647
140.000000	-225.000000	2.160366
-150.000000	-70.000000	2.716470
-30.000000	-120.000000	4.826619
-140.000000	75.000000	-5.421223
-210.000000	-170.000000	-2.632305
160.000000	40.000000	-0.878058
-130.000000	-65.000000	-3.138850
60.000000	-130.000000	0.671726
-250.000000	-70.000000	3.687924
10.000000	245.000000	-3.260935
145.000000	0.000000	2.806471
90.000000	105.000000	-1.292500
115.000000	-95.000000	4.141991
155.000000	-100.000000	-4.518440
-85.000000	220.000000	1.052318
50.000000	65.000000	0.885442
245.000000	155.000000	0.129232
245.000000	230.000000	0.208956
45.000000	115.000000	-1.663396
-185.000000	90.000000	0.931871
200.000000	225.000000	-1.924674
-120.000000	80.000000	0.384552
170.000000	-50.000000	2.007030
