2	40
-40.000000	-84.000000	3742.999832
-76.000000	-132.000000	10663.766447
188.000000	84.000000	14983.004571
124.000000	100.000000	11737.436968
-164.000000	-92.000000	15863.388805
68.000000	24.000000	1363.039473
188.000000	12.000000	1666.973216
144.000000	60.000000	8035.024142
-176.000000	132.000000	-23090.147178
-124.000000	-104.000000	13590.674598
-88.000000	84.000000	-7372.365599
-72.000000	-84.000000	6525.871299
-188.000000	-124.000000	24258.256542
80.000000	72.000000	5312.840001
-168.000000	-140.000000	24452.377552
-40.000000	-4.000000	301.282300
184.000000	-108.000000	-20090.221270
-128.000000	-20.000000	3014.912910
-16.000000	4.000000	-19.000000
-116.000000	20.000000	-2022.064243
116.000000	152.000000	16838.635119
56.000000	-88.000000	-4824.203374
-36.000000	0.000000	117.438851
172.000000	-200.000000	-34306.284715
-64.000000	56.000000	-3549.018868
-104.000000	-144.000000	15728.178236
148.000000	24.000000	3046.489905
-28.000000	164.000000	-4989.570837
-92.000000	60.000000	-5413.658871
36.000000	-56.000000	-1946.064243
-72.000000	4.000000	-75.000000
-52.000000	-88.000000	5004.579263
100.000000	-172.000000	-16975.984563
96.000000	-116.000000	-11067.858054
32.000000	180.000000	5134.832705
-84.000000	-52.000000	4786.832705
-60.000000	172.000000	-10648.989837
-128.000000	-88.000000	11919.030061
-28.000000	-156.000000	4927.570837
-88.000000	-84.000000	7916.769053
