3	40
-72.000000	4.000000	-52.000000	-88.467988
-88.000000	100.000000	-172.000000	-0.471337
96.000000	-116.000000	32.000000	0.076347
180.000000	-84.000000	-52.000000	-0.237270
-60.000000	172.000000	-128.000000	-0.113995
-88.000000	-28.000000	-156.000000	-5.455930
-88.000000	-84.000000	104.000000	0.397708
-184.000000	-28.000000	52.000000	1.860996
-148.000000	-48.000000	-176.000000	-2.173408
-40.000000	-184.000000	-128.000000	-0.093732
-88.000000	152.000000	76.000000	0.088442
-132.000000	-132.000000	184.000000	0.295113
-104.000000	-28.000000	80.000000	2.784305
132.000000	160.000000	196.000000	0.245373
88.000000	-100.000000	-24.000000	-0.083654
160.000000	-180.000000	-44.000000	-0.044167
16.000000	144.000000	76.000000	0.271267
128.000000	-32.000000	56.000000	1.734226
188.000000	-172.000000	20.000000	0.020241
-184.000000	-8.000000	-156.000000	-70.179607
-112.000000	-88.000000	196.000000	0.699696
-28.000000	-16.000000	72.000000	6.349712
-40.000000	-112.000000	-156.000000	-0.307892
-160.000000	-180.000000	-196.000000	-0.172751
44.000000	-80.000000	112.000000	0.658042
-180.000000	-120.000000	-56.000000	-0.113125
-24.000000	-96.000000	-112.000000	-0.270470
60.000000	-168.000000	-136.000000	-0.171832
128.000000	32.000000	-104.000000	-3.310795
-52.000000	48.000000	-104.000000	-1.168725
-200.000000	-56.000000	8.000000	0.064094
196.000000	116.000000	0.000000	-0.002337
72.000000	84.000000	92.000000	0.443068
-76.000000	124.000000	-80.000000	-0.141500
-68.000000	176.000000	40.000000	0.033413
52.000000	196.000000	124.000000	0.116637
196.000000	184.000000	36.000000	0.032514
92.000000	-148.000000	72.000000	0.107915
160.000000	180.000000	-96.000000	-0.095204
64.000000	136.000000	-40.000000	-0.077584
