3 47 1
200.000000	170.000000	130.000000	0.140253
-40.000000	-70.000000	-215.000000	-1.084408
-25.000000	30.000000	145.000000	3.565714
-160.000000	185.000000	-190.000000	-0.158558
-10.000000	110.000000	45.000000	0.060000
-205.000000	-70.000000	-200.000000	-1.179098
-40.000000	185.000000	-220.000000	-0.158849
-245.000000	-185.000000	110.000000	0.092172
-145.000000	25.000000	-155.000000	-7.053213
245.000000	-145.000000	-230.000000	-0.342231
-55.000000	-195.000000	-50.000000	-0.034665
85.000000	-225.000000	-110.000000	-0.073671
40.000000	-150.000000	-130.000000	-0.227067
-140.000000	95.000000	230.000000	0.715546
155.000000	-100.000000	170.000000	0.538469
210.000000	110.000000	110.000000	0.282409
0.000000	-125.000000	175.000000	0.033408
-140.000000	245.000000	-50.000000	-0.023960
-40.000000	240.000000	-185.000000	-0.079437
240.000000	200.000000	-130.000000	-0.102095
200.000000	-205.000000	155.000000	0.115142
-155.000000	-70.000000	-90.000000	-0.526753
25.000000	220.000000	-230.000000	-0.229091
145.000000	95.000000	115.000000	0.404211
50.000000	-40.000000	145.000000	3.307500
170.000000	215.000000	-225.000000	-0.154924
-145.000000	85.000000	-230.000000	-0.903476
-185.000000	55.000000	20.000000	0.179733
-120.000000	45.000000	-30.000000	-0.427464
-240.000000	-240.000000	-220.000000	-0.110960
170.000000	-145.000000	-40.000000	-0.061793
90.000000	-110.000000	195.000000	0.535103
110.000000	-210.000000	40.000000	0.028918
240.000000	-70.000000	-210.000000	-1.342387
15.000000	-10.000000	-235.000000	-198.240000
-85.000000	-85.000000	-10.000000	-0.041348
200.000000	20.000000	85.000000	6.598421
-20.000000	90.000000	-105.000000	-0.274815
-250.000000	-20.000000	190.000000	13.684327
235.000000	-5.000000	200.000000	248.352000
-235.000000	-85.000000	65.000000	0.255982
235.000000	15.000000	210.000000	28.981333
180.000000	-125.000000	10.000000	0.018195
230.000000	125.000000	190.000000	0.377725
35.000000	-105.000000	-70.000000	-0.262748
50.000000	-180.000000	-145.000000	-0.165602
50.000000	-230.000000	-110.000000	-0.077112
1 10