2	30
-135.000000	-75.000000	10762.188051
102.000000	-69.000000	-7126.881422
-42.000000	-135.000000	6208.485686
-12.000000	-63.000000	988.685890
-111.000000	21.000000	-2053.602486
-78.000000	135.000000	-10690.439935
96.000000	-15.000000	-1675.912840
-108.000000	51.000000	-5326.067998
-48.000000	42.000000	-1989.123480
-21.000000	0.000000	70.987269
111.000000	-126.000000	-13930.347666
78.000000	84.000000	6076.891204
114.000000	102.000000	10987.139125
-141.000000	3.000000	0.935490
12.000000	147.000000	1296.888387
-54.000000	30.000000	-1539.071038
78.000000	54.000000	3823.570669
-33.000000	-114.000000	4210.546212
-72.000000	108.000000	-7874.510782
132.000000	-33.000000	-4642.002408
135.000000	60.000000	7523.256016
-48.000000	84.000000	-4132.013355
51.000000	-147.000000	-7199.716566
141.000000	-144.000000	-20286.320638
-99.000000	126.000000	-12545.275624
6.000000	18.000000	45.541812
-147.000000	90.000000	-13048.051203
108.000000	-27.000000	-3151.327674
45.000000	117.000000	4789.501457
-18.000000	-93.000000	2014.486159
