2	40
-40.000000	-84.000000	3.040167
-76.000000	-132.000000	-3.391857
188.000000	84.000000	1.940204
124.000000	100.000000	-5.151598
-164.000000	-92.000000	2.236154
68.000000	24.000000	-2.285292
188.000000	12.000000	-2.407635
144.000000	60.000000	2.805932
-176.000000	132.000000	-0.423915
-124.000000	-104.000000	-5.656705
-88.000000	84.000000	0.144430
-72.000000	-84.000000	1.035635
-188.000000	-124.000000	-0.264704
80.000000	72.000000	5.768036
-168.000000	-140.000000	-1.183526
-40.000000	-4.000000	2.922231
184.000000	-108.000000	2.200301
-128.000000	-20.000000	-1.765455
-16.000000	4.000000	-1.129117
-116.000000	20.000000	-0.579464
116.000000	152.000000	0.509832
56.000000	-88.000000	-3.127345
-36.000000	0.000000	5.950673
172.000000	-200.000000	2.071500
-64.000000	56.000000	-4.709908
-104.000000	-144.000000	1.681083
148.000000	24.000000	-0.861084
-28.000000	164.000000	-1.306485
-92.000000	60.000000	-4.454242
36.000000	-56.000000	-5.077234
-72.000000	4.000000	0.995460
-52.000000	-88.000000	-5.916056
100.000000	-172.000000	2.143601
96.000000	-116.000000	-5.733877
32.000000	180.000000	-1.980041
-84.000000	-52.000000	0.717020
-60.000000	172.000000	-1.290357
-128.000000	-88.000000	-4.323515
-28.000000	-156.000000	-0.766640
-88.000000	-84.000000	0.144430
