2	40
-40.000000	-84.000000	-4728847.000000
-76.000000	-132.000000	-18353551.000000
188.000000	84.000000	5024369.000000
124.000000	100.000000	8122993.000000
-164.000000	-92.000000	-6014351.000000
68.000000	24.000000	147569.000000
188.000000	12.000000	296561.000000
144.000000	60.000000	1893873.000000
-176.000000	132.000000	18647537.000000
-124.000000	-104.000000	-8875919.000000
-88.000000	84.000000	4803569.000000
-72.000000	-84.000000	-4700175.000000
-188.000000	-124.000000	-14970255.000000
80.000000	72.000000	3037169.000000
-168.000000	-140.000000	-21726223.000000
-40.000000	-4.000000	12273.000000
184.000000	-108.000000	-9806863.000000
-128.000000	-20.000000	67057.000000
-16.000000	4.000000	2545.000000
-116.000000	20.000000	171633.000000
116.000000	152.000000	28202097.000000
56.000000	-88.000000	-5426703.000000
-36.000000	0.000000	10353.000000
172.000000	-200.000000	-63763343.000000
-64.000000	56.000000	1437681.000000
-104.000000	-144.000000	-23801359.000000
148.000000	24.000000	285809.000000
-28.000000	164.000000	35293809.000000
-92.000000	60.000000	1795697.000000
36.000000	-56.000000	-1394575.000000
-72.000000	4.000000	41969.000000
-52.000000	-88.000000	-5430159.000000
100.000000	-172.000000	-40627599.000000
96.000000	-116.000000	-12413455.000000
32.000000	180.000000	46664177.000000
-84.000000	-52.000000	-1068431.000000
-60.000000	172.000000	40736369.000000
-128.000000	-88.000000	-5320719.000000
-28.000000	-156.000000	-30365071.000000
-88.000000	-84.000000	-4679695.000000
