1	40
-180	-381086371087
-100	-20304050607
136	92035412457
-92	-13399705983
-56	-1131685527
-180	-381086371087
-16	-2311527
-84	-8516006863
-148	-143468857167
28	32660817
-104	-24688569783
180	374787487073
128	67922477817
-20	-6914127
-144	-125136722023
68	2844958017
-64	-2198884743
56	1072647177
-28	-36356607
0	-7
148	140589926817
-168	-270064534327
104	23986546473
112	34780335513
152	160686172233
136	92035412457
-188	-473472925887
4	1473
16	1915737
196	574111870017
-72	-3951976183
40	197368233
104	23986546473
72	3790681193
-44	-341427423
-152	-163889172183
-96	-16565843527
144	122556624473
176	334891542297
-44	-341427423
