1	50 1
225	11441475
100	1010100
-80	-505680
140	2763740
85	621435
-245	-14646345
235	13033335
-240	-13766640
-165	-4465065
210	9305310
10	1110
30	27930
-245	-14646345
150	3397650
180	5864580
-45	-89145
75	427575
195	7453095
-30	-26130
-155	-3700005
-50	-122550
-105	-1146705
-95	-848445
-165	-4465065
235	13033335
105	1168755
155	3748055
125	1968875
-205	-8573305
-115	-1507765
85	621435
30	27930
235	13033335
15	3615
180	5864580
75	427575
-220	-10599820
165	4519515
-155	-3700005
-130	-2180230
-110	-1319010
105	1168755
-90	-720990
-105	-1146705
-235	-12922885
-155	-3700005
100	1010100
90	737190
-210	-9217110
-175	-5328925
1 10