2	50
130	-230	16670
-35	65	1290
-185	-60	34165
-220	-50	48350
-230	-160	52740
-110	190	12290
95	-165	8860
-165	230	27455
-130	-35	16865
100	165	10165
200	245	40245
110	-125	11975
-30	200	1100
-225	-55	50570
20	180	580
95	160	9185
-40	70	1670
235	-215	55010
25	-230	395
-10	-195	-95
-140	-110	19490
245	-35	59990
-20	90	490
-50	-140	2360
-195	-200	37825
-225	-245	50380
55	-100	2925
140	-225	19375
-150	-70	22430
-30	-120	780
-140	75	19675
-210	-170	43930
160	40	25640
-130	-65	16835
60	-130	3470
-250	-70	62430
10	245	345
145	0	21025
90	105	8205
115	-95	13130
155	-100	23925
-85	220	7445
50	65	2565
245	155	60180
245	230	60255
45	115	2140
-185	90	34315
200	225	40225
-120	80	14480
170	-50	28850
