2	40
-40	-84	1516
-76	-132	5644
188	84	35428
124	100	15476
-164	-92	26804
68	24	4648
188	12	35356
144	60	20796
-176	132	31108
-124	-104	15272
-88	84	7828
-72	-84	5100
-188	-124	35220
80	72	6472
-168	-140	28084
-40	-4	1596
184	-108	33748
-128	-20	16364
-16	4	260
-116	20	13476
116	152	13608
56	-88	3048
-36	0	1296
172	-200	29384
-64	56	4152
-104	-144	10672
148	24	21928
-28	164	948
-92	60	8524
36	-56	1240
-72	4	5188
-52	-88	2616
100	-172	9828
96	-116	9100
32	180	1204
-84	-52	7004
-60	172	3772
-128	-88	16296
-28	-156	628
-88	-84	7660
