Bi T1: 2:+-
Bi T2: 2:*/
U T1: 1:e
U T2: 3:ira
|ARGS| = 11
individualLen:97
Leitura feita com sucesso 
1) READING PROBLEM
TYPE: 'HAS_UNITS'
var unit: '1'
var unit: 'n'
out unit: 'n'
has_solution='HAS_SOLUTION' => ' '
SOLUTION IS: ' '2) READING PROBLEM TESTS
3) READING PROBLEM CONSTANTS
const unit: '*'
3.5) SETUP UNITS
UNITS: n ; 
4) FINISHED READING PROBLEM
2 100 1
0.44	41.11	18.09
0.96	640.05	614.00
0.76	321.21	244.00
0.64	513.48	329.00
0.24	908.49	218.00
0.24	256.80	61.63
0.15	416.28	62.44
0.88	758.00	667.00
0.64	236.51	151.00
0.74	86.21	63.80
0.12	296.85	35.62
0.97	169.61	165.00
0.85	930.40	791.00
0.29	810.04	235.00
0.26	637.07	166.00
0.27	872.75	236.00
0.37	805.64	298.00
0.57	194.70	111.00
0.49	893.63	438.00
0.36	543.95	196.00
0.65	809.37	526.00
0.23	897.13	206.00
0.36	324.82	117.00
0.43	118.95	51.15
0.51	235.66	120.00
0.81	432.84	351.00
0.28	819.83	230.00
0.56	862.12	483.00
0.63	16.88	10.63
0.14	515.64	72.19
0.65	423.24	275.00
0.25	229.89	57.47
0.16	128.67	20.59
0.95	344.24	327.00
0.97	943.48	915.00
0.83	329.97	274.00
0.37	523.60	194.00
0.19	705.99	134.00
0.72	369.99	266.00
0.50	972.06	486.00
0.21	962.82	202.00
0.55	259.26	143.00
0.13	502.28	65.30
0.92	307.87	283.00
0.33	291.99	96.36
0.70	46.52	32.56
0.38	613.47	233.00
0.57	507.65	289.00
0.59	60.96	35.97
0.27	285.86	77.18
0.97	909.18	882.00
0.80	247.17	198.00
0.95	153.45	146.00
0.91	494.56	450.00
0.64	985.79	631.00
0.93	249.63	232.00
0.18	675.41	122.00
0.28	764.00	214.00
0.14	245.26	34.34
0.39	730.93	285.00
0.45	374.11	168.00
0.34	635.98	216.00
0.85	637.19	542.00
0.42	540.42	227.00
0.35	99.39	34.79
0.59	836.95	494.00
0.23	327.57	75.34
0.82	194.65	160.00
0.17	50.37	8.56
0.99	594.98	589.00
0.80	680.79	545.00
0.28	26.42	7.40
0.10	516.97	51.70
0.83	234.23	194.00
0.74	648.72	480.00
0.76	182.62	139.00
0.79	694.03	548.00
0.17	392.87	66.79
0.42	937.36	394.00
0.20	146.15	29.23
0.88	347.66	306.00
0.66	122.34	80.74
0.40	925.45	370.00
0.16	878.57	141.00
0.38	265.36	101.00
0.39	663.38	259.00
0.76	819.05	622.00
0.67	559.65	375.00
0.90	534.35	481.00
0.52	249.43	130.00
0.21	102.17	21.46
0.74	898.24	665.00
0.78	901.41	703.00
0.61	636.77	388.00
0.79	345.64	273.00
0.54	355.72	192.00
0.57	728.70	415.00
0.48	898.14	431.00
0.12	888.22	107.00
0.20	782.08	156.00
1.0000	1.0000
isSquared? 0
varUnits: 1 n 
outUnit: n
training=5
run_brkga:
best=inf
SELECTED: [45 72 43 97 29 60 75 96 2 81 ]
BEST SOLUTION! cost=0 stackLen: 10 => 1.00  V1  V0  * / empty: 0 1 1 0 1 1 0 0 0 1 
iteration = 0 	 best= 0.000000	stackLen: 10 => 1.00  V1  V0  * / empty: 0 1 1 0 1 1 0 0 0 1 
OPTIMAL FOUND! ABORTING...
FINISHED BRKGP!
best=0
stackLen: 10 => 1.00  V1  V0  * / empty: 0 1 1 0 1 1 0 0 0 1 
trueStackSize=5
printSolution2: ((V0 * V1)/1)
Tempo de execucao: 0.853593 segundos
FIM
