Bi T1: 2:+-
Bi T2: 2:*/
U T1: 1:e
U T2: 3:ira
|ARGS| = 11
individualLen:97
Leitura feita com sucesso 
1) READING PROBLEM
TYPE: 'HAS_UNITS'
var unit: 't'
var unit: 't'
var unit: 'km'
var unit: 'km'
out unit: 't * km^2 * s^-2'
has_solution='HAS_SOLUTION' => ' '
SOLUTION IS: ' '2) READING PROBLEM TESTS
3) READING PROBLEM CONSTANTS
const unit: 'km^3 * t^-1 * s^-2'
const unit: '*'
const unit: ''
3.5) SETUP UNITS
UNITS: kg ; m ; s ; 
4) FINISHED READING PROBLEM
4 100 3
823800000000000.00	955800000000000.00	53.47	23.83	1223000000.00
514200000000000.00	637400000000000.00	89.19	48.83	202800000.00
670300000000000.00	230400000000000.00	84.84	33.40	187100000.00
799900000000000.00	662000000000000.00	62.76	72.54	-75950000.00
987600000000000.00	759200000000000.00	84.90	8.77	5115000000.00
155400000000000.00	805500000000000.00	61.08	15.57	399700000.00
363200000000000.00	577600000000000.00	8.28	88.98	-1533000000.00
688000000000000.00	507600000000000.00	47.99	62.39	-112100000.00
196000000000000.00	891000000000000.00	25.15	93.07	-338300000.00
291700000000000.00	217700000000000.00	84.43	80.48	2461000.00
786700000000000.00	538200000000000.00	75.98	60.18	97610000.00
371900000000000.00	467800000000000.00	45.03	60.75	-66730000.00
621100000000000.00	528100000000000.00	22.05	76.19	-705700000.00
994300000000000.00	975000000000000.00	83.63	33.98	1130000000.00
825000000000000.00	91620000000000.00	72.55	26.33	122000000.00
436800000000000.00	202000000000000.00	88.23	41.71	74430000.00
312500000000000.00	598400000000000.00	14.56	63.36	-660200000.00
617500000000000.00	111000000000000.00	72.23	32.27	78410000.00
667000000000000.00	212900000000000.00	77.58	58.33	40320000.00
86210000000000.00	844800000000000.00	61.96	26.08	107900000.00
476000000000000.00	368400000000000.00	55.48	39.43	85850000.00
601800000000000.00	84560000000000.00	85.58	50.43	27660000.00
203500000000000.00	492900000000000.00	45.28	30.27	73250000.00
290500000000000.00	223000000000000.00	54.41	28.90	70140000.00
193200000000000.00	217100000000000.00	59.99	46.54	13480000.00
899700000000000.00	558600000000000.00	32.85	11.45	1907000000.00
544800000000000.00	991600000000000.00	27.64	37.85	-351900000.00
751300000000000.00	387800000000000.00	3.35	11.75	-4157000000.00
883300000000000.00	640900000000000.00	59.50	10.38	3005000000.00
123700000000000.00	679900000000000.00	26.56	24.94	13680000.00
941800000000000.00	586300000000000.00	50.72	70.62	-204700000.00
769900000000000.00	261900000000000.00	76.75	15.71	681100000.00
945500000000000.00	759900000000000.00	83.15	85.26	-14310000.00
958700000000000.00	630000000000000.00	22.69	43.95	-859700000.00
99710000000000.00	838000000000000.00	64.92	87.44	-22130000.00
562700000000000.00	217400000000000.00	43.61	69.17	-69180000.00
924700000000000.00	124900000000000.00	99.14	66.16	38740000.00
595800000000000.00	131000000000000.00	76.63	77.29	-582700.00
582400000000000.00	527400000000000.00	96.04	86.60	23260000.00
19910000000000.00	361800000000000.00	1.02	92.74	-465800000.00
799500000000000.00	743300000000000.00	91.37	12.35	2778000000.00
699200000000000.00	581800000000000.00	40.80	49.55	-117500000.00
70300000000000.00	358800000000000.00	48.05	64.85	-9073000.00
905000000000000.00	266700000000000.00	30.63	13.12	701800000.00
384000000000000.00	832200000000000.00	68.37	8.94	2073000000.00
109400000000000.00	578200000000000.00	61.15	13.54	242700000.00
886600000000000.00	521000000000000.00	31.09	69.42	-547400000.00
863500000000000.00	989700000000000.00	19.36	26.38	-784300000.00
486600000000000.00	785600000000000.00	87.55	68.06	83410000.00
275400000000000.00	24600000000000.00	62.19	72.62	-1044000.00
475400000000000.00	688200000000000.00	2.09	94.63	-10230000000.00
389200000000000.00	141600000000000.00	92.96	58.62	23170000.00
172900000000000.00	360200000000000.00	29.33	69.16	-81630000.00
540000000000000.00	150000000000000.00	30.43	50.31	-70210000.00
592500000000000.00	581700000000000.00	57.34	84.94	-130300000.00
959100000000000.00	35330000000000.00	44.26	58.51	-12450000.00
640600000000000.00	13100000000000.00	64.33	30.45	9688000.00
728000000000000.00	291900000000000.00	8.69	7.80	184700000.00
246800000000000.00	369000000000000.00	16.05	89.02	-310300000.00
868200000000000.00	8689000000000.00	5.16	34.41	-82920000.00
17420000000000.00	513400000000000.00	30.25	38.01	-4031000.00
556000000000000.00	375000000000000.00	41.56	96.47	-190600000.00
510400000000000.00	573200000000000.00	56.77	68.33	-58200000.00
924500000000000.00	856000000000000.00	10.80	63.15	-4054000000.00
439000000000000.00	321800000000000.00	39.25	17.31	304500000.00
131900000000000.00	160000000000000.00	99.11	31.72	30190000.00
897500000000000.00	504200000000000.00	32.41	61.50	-440900000.00
235700000000000.00	16430000000000.00	93.78	75.04	688300.00
758700000000000.00	750200000000000.00	29.69	13.54	1526000000.00
16030000000000.00	612300000000000.00	62.72	81.14	-2372000.00
531800000000000.00	332300000000000.00	95.74	66.88	53150000.00
582700000000000.00	749100000000000.00	84.38	73.23	52570000.00
156700000000000.00	955700000000000.00	53.79	8.91	935700000.00
305300000000000.00	226000000000000.00	2.20	52.10	-2002000000.00
392200000000000.00	657900000000000.00	96.34	60.46	106100000.00
433700000000000.00	717400000000000.00	28.94	91.77	-491200000.00
145700000000000.00	616500000000000.00	35.64	87.02	-99310000.00
366400000000000.00	654700000000000.00	39.25	56.58	-124900000.00
556900000000000.00	198800000000000.00	8.94	61.68	-707300000.00
362100000000000.00	100200000000000.00	38.17	87.71	-35820000.00
612100000000000.00	889500000000000.00	23.70	88.69	-1124000000.00
595800000000000.00	798600000000000.00	97.30	29.05	767000000.00
302400000000000.00	115300000000000.00	32.38	55.61	-30030000.00
147400000000000.00	230800000000000.00	22.73	52.87	-56940000.00
375900000000000.00	340600000000000.00	16.71	90.39	-416700000.00
232000000000000.00	579800000000000.00	49.59	72.46	-57110000.00
180500000000000.00	598900000000000.00	28.94	60.53	-130100000.00
274300000000000.00	366100000000000.00	55.31	88.78	-45670000.00
926600000000000.00	868700000000000.00	74.55	2.33	22360000000.00
709800000000000.00	795800000000000.00	21.68	81.08	-1274000000.00
320500000000000.00	385200000000000.00	43.50	52.58	-32740000.00
668200000000000.00	691000000000000.00	21.41	45.83	-767200000.00
479600000000000.00	85140000000000.00	53.31	83.82	-18600000.00
918400000000000.00	636700000000000.00	10.72	75.65	-3123000000.00
734600000000000.00	774300000000000.00	23.59	71.46	-1078000000.00
315400000000000.00	724300000000000.00	23.58	67.40	-420300000.00
671200000000000.00	857600000000000.00	99.43	29.24	927500000.00
691500000000000.00	691600000000000.00	98.23	55.59	249200000.00
267800000000000.00	947800000000000.00	92.32	72.42	50410000.00
476800000000000.00	706600000000000.00	22.60	70.44	-675700000.00
6.6740	6.6740
10000000000.0000	10000000000.0000
1.0000	1.0000
isSquared? 0
varUnits: t t km km 
outUnit: t * km^2 * s^-2
training=5
run_brkga:
best=inf
SELECTED: [45 72 43 97 29 60 75 96 2 81 ]
