Bi T1: 2:+-
Bi T2: 2:*/
U T1: 1:e
U T2: 3:ira
|ARGS| = 11
individualLen:97
Leitura feita com sucesso 
1) READING PROBLEM
TYPE: 'HAS_UNITS'
var unit: 'c'
var unit: 'n/c'
out unit: 'n'
has_solution='HAS_SOLUTION' => ' '
SOLUTION IS: ' '2) READING PROBLEM TESTS
3) READING PROBLEM CONSTANTS
const unit: '*'
3.5) SETUP UNITS
UNITS: c ; n ; 
4) FINISHED READING PROBLEM
2 100 1
0.00	31400.00	0.01
0.00	636000.00	0.60
0.00	314000.00	0.23
0.00	509000.00	0.30
0.00	908000.00	0.14
0.00	249000.00	0.04
0.00	410000.00	0.02
0.00	756000.00	0.66
0.00	229000.00	0.14
0.00	77000.00	0.05
0.00	290000.00	0.01
0.00	161000.00	0.16
0.00	930000.00	0.77
0.00	808000.00	0.17
0.00	633000.00	0.12
0.00	871000.00	0.16
0.00	804000.00	0.24
0.00	187000.00	0.10
0.00	893000.00	0.39
0.00	539000.00	0.16
0.00	807000.00	0.49
0.00	896000.00	0.13
0.00	318000.00	0.09
0.00	110000.00	0.04
0.00	228000.00	0.10
0.00	427000.00	0.34
0.00	818000.00	0.16
0.00	861000.00	0.44
0.00	6960.00	0.00
0.00	511000.00	0.02
0.00	417000.00	0.25
0.00	222000.00	0.04
0.00	120000.00	0.01
0.00	338000.00	0.32
0.00	943000.00	0.91
0.00	323000.00	0.26
0.00	519000.00	0.16
0.00	703000.00	0.07
0.00	364000.00	0.25
0.00	972000.00	0.43
0.00	962000.00	0.12
0.00	252000.00	0.12
0.00	497000.00	0.02
0.00	301000.00	0.27
0.00	285000.00	0.07
0.00	36900.00	0.02
0.00	610000.00	0.19
0.00	503000.00	0.26
0.00	51500.00	0.03
0.00	279000.00	0.05
0.00	908000.00	0.88
0.00	240000.00	0.19
0.00	145000.00	0.14
0.00	489000.00	0.44
0.00	986000.00	0.59
0.00	242000.00	0.22
0.00	672000.00	0.06
0.00	762000.00	0.15
0.00	238000.00	0.01
0.00	728000.00	0.24
0.00	368000.00	0.14
0.00	632000.00	0.17
0.00	634000.00	0.53
0.00	536000.00	0.19
0.00	90300.00	0.03
0.00	835000.00	0.45
0.00	321000.00	0.05
0.00	187000.00	0.15
0.00	40800.00	0.00
0.00	591000.00	0.58
0.00	678000.00	0.52
0.00	16600.00	0.00
0.00	512000.00	0.00
0.00	227000.00	0.18
0.00	645000.00	0.46
0.00	174000.00	0.13
0.00	691000.00	0.53
0.00	387000.00	0.03
0.00	937000.00	0.34
0.00	138000.00	0.02
0.00	341000.00	0.29
0.00	113000.00	0.07
0.00	925000.00	0.31
0.00	877000.00	0.06
0.00	258000.00	0.08
0.00	660000.00	0.21
0.00	817000.00	0.60
0.00	555000.00	0.35
0.00	530000.00	0.47
0.00	242000.00	0.11
0.00	93100.00	0.01
0.00	897000.00	0.64
0.00	900000.00	0.69
0.00	633000.00	0.36
0.00	339000.00	0.26
0.00	349000.00	0.17
0.00	726000.00	0.38
0.00	897000.00	0.38
0.00	887000.00	0.02
0.00	780000.00	0.08
1.0000	1.0000
isSquared? 0
varUnits: c n/c 
outUnit: n
training=5
run_brkga:
best=inf
SELECTED: [45 72 43 97 29 60 75 96 2 81 ]
BEST SOLUTION! cost=0 stackLen: 10 => V1  V0  * empty: 0 1 1 1 1 1 1 0 0 1 
iteration = 0 	 best= 0.000000	stackLen: 10 => V1  V0  * empty: 0 1 1 1 1 1 1 0 0 1 
OPTIMAL FOUND! ABORTING...
FINISHED BRKGP!
best=0
stackLen: 10 => V1  V0  * empty: 0 1 1 1 1 1 1 0 0 1 
trueStackSize=3
printSolution2: (V0 * V1)
Tempo de execucao: 0.88803 segundos
FIM
